-400.0	0	0	0	0
743.0	0	0	0	0
855.0	0	0	0	1
857.0	0	0	0	1
864.0	0	0	1	1
874.0	0	0	2	1
958.1	0	0	2	1
1119.9	0	0	2	2
1127.0	0	0	2	3
1177.3	0	0	2	3
1301.0	0	0	2	4
1436.0	0	0	3	4
1470.0	0	0	4	4
1485.6	0	0	4	4
1498.0	0	0	4	5
1608.3	0	0	4	5
1665.0	0	0	4	6
1678.0	0	0	4	7
1678.1	0	0	4	8
1687.0	0	0	4	9
1800.0	0	0	4	10
1808.5	0	0	4	11
1809.0	0	0	5	11
1809.0	0	0	5	12
1825.0	0	0	5	13
1830.2	0	0	5	13
1844.4	0	0	5	14
1864.0	0	0	5	15
1868.6	0	0	5	16
1876.8	0	0	6	16
1890.5	0	0	6	16
1896.0	0	0	6	17
1901.4	0	0	7	17
1913.7	0	1	7	17
1917.4	0	1	8	17
1917.8	0	1	9	17
1927.8	0	2	9	17
1928.3	0	3	9	17
1930.8	0	3	10	17
1935.2	0	3	11	17
1935.3	0	3	11	18
1937.0	0	4	11	18
1944.3	0	4	12	18
1945.4	0	5	12	18
1948.5	0	5	13	18
1949.5	0	6	13	18
1953.3	0	7	13	18
1956.3	0	7	14	18
1957.5	0	7	14	19
1957.6	0	7	15	19
1958.8	0	8	15	19
1959.3	0	8	16	19
1959.4	0	8	17	19
1959.6	0	9	17	19
1961.7	0	10	17	19
1962.2	0	11	17	19
1962.6	0	12	17	19
1962.7	0	12	17	19
1962.7	0	13	17	19
1963.6	0	14	17	19
1964.1	0	15	17	19
1964.9	0	16	17	19
1965.8	0	17	17	19
1966.8	0	17	18	19
1966.9	0	18	18	19
1967.1	0	19	18	19
1967.1	0	20	18	19
1967.7	0	20	19	19
1967.9	0	20	20	19
1968.4	0	21	20	19
1968.4	0	22	20	19
1968.6	0	23	20	19
1968.6	0	24	20	19
1968.9	0	25	20	19
1969.1	0	26	20	19
1970.1	0	27	20	19
1970.3	0	27	21	19
1970.3	0	28	21	19
1970.5	0	28	22	19
1970.8	0	29	22	19
1971.4	0	30	22	19
1971.6	0	30	23	19
1971.8	0	31	23	19
1972.0	0	32	23	19
1972.6	0	33	23	19
1973.7	0	34	23	19
1974.8	0	35	23	19
1975.2	0	36	23	19
1975.3	0	37	23	19
1975.8	0	38	23	19
1976.3	0	39	23	19
1976.4	0	40	23	19
1978.2	0	41	23	19
1979.0	0	42	23	19
1980.3	0	42	23	20
1980.6	0	42	24	20
1981.6	0	42	25	20
1982.4	0	43	25	20
1982.8	0	44	25	20
1983.2	0	44	26	20
1983.4	0	45	26	20
1983.6	0	45	27	20
1984.0	0	46	27	20
1984.4	0	46	28	20
1985.3	0	47	28	20
1985.8	0	48	28	20
1985.8	0	48	28	21
1985.8	0	49	28	21
1986.3	0	49	29	21
1988.0	0	49	30	21
1988.6	0	49	31	21
1989.1	0	50	31	21
1989.7	0	50	32	21
1990.1	0	50	33	21
1990.1	0	51	33	21
1990.5	0	51	33	21
1990.5	0	52	33	21
1991.7	0	53	33	21
1992.7	0	53	34	21
1992.7	0	53	35	21
1993.2	0	54	35	21
1993.5	0	55	35	21
1993.5	0	56	35	21
1993.6	0	57	35	21
1994.5	0	58	35	21
1995.3	0	59	35	21
1995.8	0	59	36	21
1995.8	0	60	36	21
1995.9	0	61	36	21
1996.7	0	62	36	21
1997.1	0	63	36	21
1997.7	0	64	36	21
1997.8	0	65	36	21
1998.0	0	66	36	21
1998.0	0	67	36	21
1998.1	0	68	36	21
1998.2	0	69	36	21
1998.7	0	70	36	21
1999.0	0	71	36	21
1999.2	0	72	36	21
1999.6	0	73	36	21
1999.9	0	73	37	21
1999.9	0	73	38	21
1999.9	0	74	38	21
2000.1	0	75	38	21
2000.3	0	76	38	21
2000.4	1	76	38	21
2000.5	1	77	38	21
2000.6	2	77	38	21
2000.6	3	77	38	21
2000.6	3	78	38	21
2000.8	4	78	38	21
2001.0	5	78	38	21
2001.1	6	78	38	21
2001.1	7	78	38	21
2001.1	8	78	38	21
2001.1	9	78	38	21
2001.2	10	78	38	21
2001.3	11	78	38	21
2001.4	11	78	39	21
2001.5	12	78	39	21
2001.6	12	79	39	21
2001.6	12	80	39	21
2001.6	13	80	39	21
2001.7	14	80	39	21
2001.8	15	80	39	21
2001.9	16	80	39	21
2002.0	16	81	39	21
2002.0	16	82	39	21
2002.0	17	82	39	21
2002.1	18	82	39	21
2002.1	18	83	39	21
2002.2	19	83	39	21
2002.3	19	83	40	21
2002.3	19	83	41	21
2002.4	19	84	41	21
2002.4	19	85	41	21
2002.5	19	86	41	21
2002.5	20	86	41	21
2002.6	21	86	41	21
2002.7	21	87	41	21
2002.8	21	88	41	21
2002.8	21	89	41	21
2002.9	22	89	41	21
2002.9	23	89	41	21
2002.9	24	89	41	21
2003.0	25	89	41	21
2003.2	26	89	41	21
2003.2	26	89	42	21
2003.3	26	90	42	21
2003.5	27	90	42	21
2003.5	27	91	42	21
2003.7	28	91	42	21
2003.7	29	91	42	21
2003.7	30	91	42	21
2003.8	30	92	42	21
2003.8	31	92	42	21
2003.8	32	92	42	21
2003.9	33	92	42	21
2004.2	33	93	42	21
2004.2	33	94	42	21
2004.3	34	94	42	21
2004.3	34	95	42	21
2004.4	34	95	42	22
2004.4	35	95	42	22
2004.4	36	95	42	22
2004.4	36	96	42	22
2004.5	37	96	42	22
2004.7	37	97	42	22
2004.7	38	97	42	22
2004.7	39	97	42	22
2004.8	40	97	42	22
2004.8	40	97	42	23
2004.8	41	97	42	23
2004.8	42	97	42	23
2004.9	43	97	42	23
2004.9	44	97	42	23
2004.9	45	97	42	23
2005.0	46	97	42	23
2005.0	47	97	42	23
2005.0	48	97	42	23
2005.1	49	97	42	23
2005.1	49	98	42	23
2005.3	50	98	42	23
2005.3	51	98	42	23
2005.4	52	98	42	23
2005.4	53	98	42	23
2005.7	54	98	42	23
2005.7	55	98	42	23
2005.7	56	98	42	23
2005.7	56	99	42	23
2005.8	57	99	42	23
2005.8	58	99	42	23
2006.0	59	99	42	23
2006.0	60	99	42	23
2006.0	61	99	42	23
2006.1	62	99	42	23
2006.1	63	99	42	23
2006.3	64	99	42	23
2006.3	65	99	42	23
2006.3	66	99	42	23
2006.3	67	99	42	23
2006.4	68	99	42	23
2006.4	69	99	42	23
2006.4	70	99	42	23
2006.5	71	99	42	23
2006.6	72	99	42	23
2006.6	73	99	42	23
2006.6	74	99	42	23
2006.7	75	99	42	23
2006.7	76	99	42	23
2006.7	77	99	42	23
2006.7	78	99	42	23
2006.7	79	99	42	23
2006.7	80	99	42	23
2006.8	81	99	42	23
2006.8	82	99	42	23
2006.8	82	100	42	23
2006.9	83	100	42	23
2006.9	84	100	42	23
2006.9	85	100	42	23
2006.9	86	100	42	23
2006.9	87	100	42	23
2006.9	88	100	42	23
2006.9	89	100	42	23
2007.0	90	100	42	23
2007.0	90	101	42	23
2007.0	91	101	42	23
2007.0	92	101	42	23
2007.0	93	101	42	23
2007.0	94	101	42	23
2007.0	95	101	42	23
2007.1	96	101	42	23
2007.2	97	101	42	23
2007.2	98	101	42	23
2007.2	99	101	42	23
2007.2	100	101	42	23
2007.3	101	101	42	23
2007.3	102	101	42	23
2007.3	103	101	42	23
2007.3	104	101	42	23
2007.4	104	102	42	23
2007.4	105	102	42	23
2007.4	106	102	42	23
2007.4	107	102	42	23
2007.4	108	102	42	23
2007.4	109	102	42	23
2007.5	110	102	42	23
2007.5	111	102	42	23
2007.5	112	102	42	23
2007.6	113	102	42	23
2007.6	114	102	42	23
2007.6	115	102	42	23
2007.7	116	102	42	23
2007.7	117	102	42	23
2007.7	118	102	42	23
2007.7	119	102	42	23
2007.7	120	102	42	23
2007.7	121	102	42	23
2007.7	122	102	42	23
2007.8	122	103	42	23
2007.8	123	103	42	23
2007.8	124	103	42	23
2007.8	125	103	42	23
2007.8	126	103	42	23
2007.8	127	103	42	23
2007.8	128	103	42	23
2007.8	129	103	42	23
2007.9	129	103	43	23
2007.9	130	103	43	23
2008.0	131	103	43	23
2008.0	131	104	43	23
2008.0	131	105	43	23
2008.0	131	106	43	23
2008.0	132	106	43	23
2008.1	133	106	43	23
2008.2	134	106	43	23
2008.2	134	107	43	23
2008.2	134	108	43	23
2008.3	135	108	43	23
2008.4	136	108	43	23
2008.4	137	108	43	23
2008.4	137	108	44	23
2008.4	138	108	44	23
2008.4	139	108	44	23
2008.5	140	108	44	23
2008.5	141	108	44	23
2008.5	141	109	44	23
2008.5	142	109	44	23
2008.5	142	110	44	23
2008.6	143	110	44	23
2008.6	144	110	44	23
2008.6	145	110	44	23
2008.7	145	111	44	23
2008.7	146	111	44	23
2008.7	147	111	44	23
2008.8	148	111	44	23
2008.8	149	111	44	23
2008.8	150	111	44	23
2008.9	151	111	44	23
2008.9	152	111	44	23
2009.0	153	111	44	23
2009.0	154	111	44	23
2009.0	155	111	44	23
2009.1	156	111	44	23
2009.1	157	111	44	23
2009.1	158	111	44	23
2009.2	159	111	44	23
2009.2	160	111	44	23
2009.2	161	111	44	23
2009.2	162	111	44	23
2009.2	163	111	44	23
2009.3	164	111	44	23
2009.3	165	111	44	23
2009.3	166	111	44	23
2009.3	167	111	44	23
2009.3	168	111	44	23
2009.3	169	111	44	23
2009.3	170	111	44	23
2009.4	171	111	44	23
2009.4	172	111	44	23
2009.5	173	111	44	23
2009.6	174	111	44	23
2009.6	175	111	44	23
2009.6	175	112	44	23
2009.6	176	112	44	23
2009.7	177	112	44	23
2009.7	178	112	44	23
2009.7	179	112	44	23
2009.8	180	112	44	23
2009.8	181	112	44	23
2009.8	182	112	44	23
2009.8	183	112	44	23
2009.9	184	112	44	23
2009.9	185	112	44	23
2009.9	186	112	44	23
2010.0	187	112	44	23
2010.0	188	112	44	23
2010.0	189	112	44	23
2010.1	189	113	44	23
2010.2	190	113	44	23
2010.2	190	114	44	23
2010.2	191	114	44	23
2010.2	192	114	44	23
2010.3	193	114	44	23
2010.3	194	114	44	23
2010.3	194	115	44	23
2010.3	195	115	44	23
2010.3	196	115	44	23
2010.4	197	115	44	23
2010.4	198	115	44	23
2010.4	199	115	44	23
2010.5	200	115	44	23
2010.5	201	115	44	23
2010.6	202	115	44	23
2010.6	203	115	44	23
2010.6	204	115	44	23
2010.6	205	115	44	23
2010.6	206	115	44	23
2010.6	207	115	44	23
2010.6	208	115	44	23
2010.7	208	115	45	23
2010.7	209	115	45	23
2010.7	209	116	45	23
2010.7	210	116	45	23
2010.7	211	116	45	23
2010.8	211	117	45	23
2010.8	212	117	45	23
2010.9	213	117	45	23
2010.9	214	117	45	23
2010.9	215	117	45	23
2010.9	216	117	45	23
2011.0	217	117	45	23
2011.0	218	117	45	23
2011.1	219	117	45	23
2011.1	220	117	45	23
2011.1	220	118	45	23
2011.1	221	118	45	23
2011.2	222	118	45	23
2011.2	222	119	45	23
2011.2	223	119	45	23
2011.2	224	119	45	23
2011.4	225	119	45	23
2011.4	226	119	45	23
2011.4	227	119	45	23
2011.5	228	119	45	23
2011.5	229	119	45	23
2011.5	230	119	45	23
2011.5	231	119	45	23
2011.5	232	119	45	23
2011.6	232	120	45	23
2011.7	233	120	45	23
2011.7	234	120	45	23
2011.7	235	120	45	23
2011.8	236	120	45	23
2011.8	237	120	45	23
2011.8	238	120	45	23
2011.9	239	120	45	23
2011.9	240	120	45	23
2011.9	241	120	45	23
2011.9	242	120	45	23
2011.9	243	120	45	23
2011.9	244	120	45	23
2011.9	245	120	45	23
2012.0	246	120	45	23
2012.0	247	120	45	23
2012.0	248	120	45	23
2012.0	249	120	45	23
2012.0	249	120	46	23
2012.0	250	120	46	23
2012.0	251	120	46	23
2012.1	252	120	46	23
2012.1	252	121	46	23
2012.1	253	121	46	23
2012.1	253	122	46	23
2012.2	253	123	46	23
2012.2	254	123	46	23
2012.2	255	123	46	23
2012.2	256	123	46	23
2012.2	257	123	46	23
2012.2	258	123	46	23
2012.2	259	123	46	23
2012.2	259	124	46	23
2012.2	260	124	46	23
2012.2	261	124	46	23
2012.3	261	125	46	23
2012.3	261	126	46	23
2012.3	262	126	46	23
2012.4	263	126	46	23
2012.4	264	126	46	23
2012.4	265	126	46	23
2012.5	266	126	46	23
2012.6	267	126	46	23
2012.6	267	127	46	23
2012.6	268	127	46	23
2012.6	268	128	46	23
2012.6	269	128	46	23
2012.6	270	128	46	23
2012.7	271	128	46	23
2012.8	272	128	46	23
2012.8	273	128	46	23
2012.8	274	128	46	23
2012.8	275	128	46	23
2012.8	276	128	46	23
2012.9	277	128	46	23
2012.9	278	128	46	23
2012.9	279	128	46	23
2012.9	280	128	46	23
2012.9	281	128	46	23
2012.9	282	128	46	23
2013.0	283	128	46	23
2013.0	283	129	46	23
2013.0	284	129	46	23
2013.0	285	129	46	23
2013.1	286	129	46	23
2013.1	287	129	46	23
2013.1	288	129	46	23
2013.2	289	129	46	23
2013.2	290	129	46	23
2013.2	291	129	46	23
2013.2	292	129	46	23
2013.2	293	129	46	23
2013.2	293	130	46	23
2013.3	294	130	46	23
2013.4	295	130	46	23
2013.4	296	130	46	23
2013.4	297	130	46	23
2013.5	298	130	46	23
2013.5	299	130	46	23
2013.5	299	131	46	23
2013.5	300	131	46	23
2013.6	301	131	46	23
2013.6	302	131	46	23
2013.6	302	132	46	23
2013.6	303	132	46	23
2013.7	304	132	46	23
2013.7	305	132	46	23
2013.7	306	132	46	23
2013.8	307	132	46	23
2013.8	308	132	46	23
2013.8	309	132	46	23
2013.9	310	132	46	23
2013.9	311	132	46	23
2013.9	312	132	46	23
2014.0	313	132	46	23
2014.0	314	132	46	23
2014.0	315	132	46	23
2014.1	316	132	46	23
2014.1	317	132	46	23
2014.1	318	132	46	23
2014.1	319	132	46	23
2014.1	320	132	46	23
2014.1	321	132	46	23
2014.2	322	132	46	23
2014.3	322	133	46	23
2014.3	323	133	46	23
2014.3	324	133	46	23
2014.3	325	133	46	23
2014.3	326	133	46	23
2014.3	327	133	46	23
2014.3	328	133	46	23
2014.3	329	133	46	23
2014.4	330	133	46	23
2014.4	331	133	46	23
2014.4	332	133	46	23
2014.4	333	133	46	23
2014.4	334	133	46	23
2014.5	334	134	46	23
2014.5	335	134	46	23
2014.5	336	134	46	23
2014.5	337	134	46	23
2014.5	338	134	46	23
2014.5	339	134	46	23
2014.5	340	134	46	23
2014.5	341	134	46	23
2014.5	342	134	46	23
2014.5	343	134	46	23
2014.6	344	134	46	23
2014.6	345	134	46	23
2014.6	345	135	46	23
2014.6	346	135	46	23
2014.7	346	136	46	23
2014.7	347	136	46	23
2014.7	347	137	46	23
2014.7	348	137	46	23
2014.7	349	137	46	23
2014.7	350	137	46	23
2014.8	351	137	46	23
2014.9	352	137	46	23
2014.9	353	137	46	23
2014.9	354	137	46	23
2014.9	355	137	46	23
2014.9	356	137	46	23
2014.9	357	137	46	23
2014.9	358	137	46	23
2015.0	359	137	46	23
2015.0	360	137	46	23
2015.0	361	137	46	23
2015.0	361	138	46	23
2015.1	362	138	46	23
2015.1	363	138	46	23
2015.2	364	138	46	23
2015.2	365	138	46	23
2015.2	365	139	46	23
2015.2	366	139	46	23
2015.2	367	139	46	23
2015.3	368	139	46	23
2015.3	369	139	46	23
2015.3	370	139	46	23
2015.3	371	139	46	23
2015.4	372	139	46	23
2015.4	373	139	46	23
2015.4	373	140	46	23
2015.4	374	140	46	23
2015.4	375	140	46	23
2015.4	376	140	46	23
2015.5	377	140	46	23
2015.5	378	140	46	23
2015.5	379	140	46	23
2015.5	380	140	46	23
2015.6	381	140	46	23
2015.6	382	140	46	23
2015.6	383	140	46	23
2015.6	384	140	46	23
2015.6	384	141	46	23
2015.6	385	141	46	23
2015.7	386	141	46	23
2015.7	386	142	46	23
2015.7	387	142	46	23
2015.7	388	142	46	23
2015.7	389	142	46	23
2015.7	390	142	46	23
2015.7	391	142	46	23
2015.7	391	143	46	23
2015.7	392	143	46	23
2015.7	393	143	46	23
2015.8	394	143	46	23
2015.8	395	143	46	23
2015.8	396	143	46	23
2015.9	397	143	46	23
2016.0	398	143	46	23
2016.0	399	143	46	23
2016.0	400	143	46	23