-550.0	0	0	0	1
427.0	0	0	0	2
735.0	0	0	0	3
858.0	0	0	1	3
863.1	0	0	2	3
893.0	0	0	2	4
894.0	0	0	3	4
906.3	0	0	3	5
1042.8	0	0	3	5
1046.0	0	0	3	6
1088.3	0	0	3	7
1111.0	0	0	3	8
1131.9	0	0	3	9
1139.0	0	0	3	10
1151.0	0	0	3	11
1208.1	0	0	3	12
1246.0	0	0	3	13
1275.3	0	0	3	14
1275.8	0	0	3	14
1283.0	0	0	3	15
1304.9	0	0	3	16
1319.0	0	0	3	17
1319.0	0	0	3	18
1319.0	0	0	4	18
1441.0	0	0	4	19
1582.0	0	0	4	20
1593.0	0	0	4	21
1648.3	0	0	4	22
1669.0	0	0	4	23
1679.4	0	0	4	24
1682.4	0	0	4	25
1682.5	0	1	4	25
1696.3	0	1	4	25
1696.4	0	1	4	26
1701.2	0	1	4	27
1703.2	0	1	5	27
1715.2	0	1	5	28
1717.2	0	1	6	28
1721.3	0	1	6	28
1780.0	0	1	6	28
1786.7	0	1	6	29
1803.8	0	2	6	29
1804.8	0	3	6	29
1819.2	0	3	7	29
1834.0	0	3	7	30
1840.5	0	3	7	30
1843.3	0	3	8	30
1845.4	0	3	9	30
1851.3	0	4	9	30
1857.3	0	4	9	31
1861.4	0	4	10	31
1863.0	0	4	10	32
1868.1	0	4	11	32
1868.2	0	4	11	33
1868.2	0	4	12	33
1868.3	0	4	13	33
1869.8	0	4	14	33
1871.9	0	4	14	34
1874.2	0	5	14	34
1879.2	0	5	14	35
1881.4	0	5	14	36
1883.3	0	5	14	37
1888.7	0	5	14	38
1890.8	0	5	15	38
1891.3	0	5	15	39
1892.5	0	5	16	39
1896.7	0	5	16	40
1898.6	0	6	16	40
1900.0	0	6	16	41
1900.1	0	6	17	41
1900.2	0	7	17	41
1900.5	0	7	18	41
1902.1	0	7	19	41
1902.6	0	8	19	41
1902.7	0	8	20	41
1903.0	0	8	21	41
1903.3	0	8	21	42
1903.4	0	8	22	42
1903.5	0	8	23	42
1903.5	0	8	24	42
1904.5	0	9	24	42
1905.1	0	9	24	43
1906.7	0	9	24	44
1906.8	0	9	25	44
1907.1	0	9	26	44
1907.3	0	9	27	44
1907.3	0	10	27	44
1908.0	0	11	27	44
1908.7	0	11	27	45
1908.9	0	12	27	45
1909.5	0	13	27	45
1910.0	0	14	27	45
1910.0	0	14	28	45
1910.2	0	15	28	45
1910.9	0	15	29	45
1911.4	0	16	29	45
1911.5	0	16	30	45
1911.5	0	17	30	45
1911.5	0	18	30	45
1912.6	0	18	31	45
1912.8	0	18	32	45
1912.8	0	19	32	45
1913.1	0	19	33	45
1913.3	0	19	34	45
1913.3	0	19	35	45
1913.9	0	19	36	45
1914.2	0	19	36	46
1914.5	0	19	37	46
1914.8	0	20	37	46
1914.8	0	20	38	46
1915.3	0	21	38	46
1916.0	0	22	38	46
1916.4	0	22	39	46
1916.5	0	23	39	46
1916.6	0	24	39	46
1916.7	0	24	40	46
1916.8	0	24	41	46
1916.9	0	24	42	46
1916.9	0	24	43	46
1916.9	0	25	43	46
1917.0	0	25	44	46
1917.3	0	26	44	46
1917.5	0	27	44	46
1917.9	0	28	44	46
1919.0	0	28	45	46
1919.0	0	29	45	46
1922.6	0	30	45	46
1922.9	0	31	45	46
1923.4	0	31	46	46
1923.9	0	32	46	46
1924.1	0	32	47	46
1924.2	0	32	48	46
1924.4	0	32	49	46
1924.4	0	32	50	46
1924.7	0	32	51	46
1924.7	0	32	52	46
1925.0	0	32	53	46
1925.2	0	32	54	46
1926.5	0	33	54	46
1926.8	0	33	55	46
1926.8	0	33	56	46
1927.0	0	33	57	46
1927.8	0	34	57	46
1928.2	0	35	57	46
1928.2	0	35	58	46
1928.2	0	35	59	46
1928.2	0	35	60	46
1928.5	0	36	60	46
1928.9	0	37	60	46
1929.1	0	37	61	46
1929.2	0	38	61	46
1929.3	0	38	62	46
1929.3	0	39	62	46
1929.7	0	40	62	46
1929.9	0	41	62	46
1930.3	0	42	62	46
1930.3	0	42	62	46
1931.2	0	43	62	46
1931.3	0	43	62	47
1931.5	0	44	62	47
1931.5	0	44	63	47
1931.9	0	45	63	47
1932.1	0	46	63	47
1932.2	0	46	64	47
1932.2	0	46	65	47
1932.3	0	47	65	47
1932.5	0	48	65	47
1932.7	0	49	65	47
1932.9	0	50	65	47
1933.0	0	50	66	47
1933.3	0	50	67	47
1933.7	0	50	68	47
1933.8	0	51	68	47
1933.8	0	51	69	47
1934.1	0	52	69	47
1934.1	0	52	69	48
1934.5	0	53	69	48
1934.5	0	54	69	48
1934.8	0	54	70	48
1934.8	0	54	71	48
1935.0	0	55	71	48
1935.1	0	55	72	48
1935.3	0	55	73	48
1935.3	0	55	73	49
1935.5	0	56	73	49
1935.7	0	57	73	49
1935.9	0	58	73	49
1936.2	0	59	73	49
1936.2	0	60	73	49
1936.2	0	61	73	49
1936.3	0	61	74	49
1936.3	0	61	75	49
1937.0	0	62	75	49
1937.0	0	63	75	49
1937.0	0	64	75	49
1937.0	0	65	75	49
1937.1	0	66	75	49
1937.2	0	67	75	49
1937.3	0	68	75	49
1937.4	0	69	75	49
1937.7	0	69	76	49
1938.0	0	70	76	49
1938.5	0	71	76	49
1938.9	0	71	77	49
1939.0	0	71	78	49
1939.1	0	72	78	49
1939.5	0	73	78	49
1940.2	0	73	79	49
1940.2	0	73	80	49
1940.3	0	74	80	49
1940.4	0	74	80	50
1940.5	0	74	81	50
1940.8	0	74	82	50
1940.8	0	74	83	50
1940.8	0	74	84	50
1940.8	0	75	84	50
1941.7	0	75	84	51
1941.7	0	75	85	51
1941.9	0	76	85	51
1942.4	0	77	85	51
1942.7	0	77	86	51
1943.3	0	77	87	51
1945.0	0	77	88	51
1945.7	0	77	89	51
1945.7	0	78	89	51
1945.9	0	78	90	51
1946.2	0	78	91	51
1946.4	0	79	91	51
1946.8	0	79	92	51
1947.0	0	80	92	51
1947.0	0	81	92	51
1947.1	0	82	92	51
1947.3	0	83	92	51
1947.5	0	84	92	51
1948.0	0	84	93	51
1948.0	0	85	93	51
1948.1	0	86	93	51
1948.4	0	86	94	51
1948.7	0	87	94	51
1948.7	0	88	94	51
1948.9	0	89	94	51
1949.1	0	90	94	51
1949.4	0	91	94	51
1949.5	0	92	94	51
1949.6	0	93	94	51
1949.8	0	93	95	51
1950.2	0	94	95	51
1950.3	0	95	95	51
1950.4	0	96	95	51
1950.6	0	96	96	51
1950.8	0	97	96	51
1951.0	0	98	96	51
1951.2	0	98	97	51
1951.2	0	99	97	51
1951.2	0	99	98	51
1951.6	0	99	99	51
1952.0	0	99	100	51
1952.3	0	100	100	51
1952.5	0	101	100	51
1952.7	0	102	100	51
1952.7	0	103	100	51
1953.1	0	104	100	51
1953.1	0	105	100	51
1953.1	0	106	100	51
1953.1	0	106	101	51
1953.1	0	107	101	51
1953.1	0	108	101	51
1953.4	0	109	101	51
1953.4	0	110	101	51
1953.5	0	111	101	51
1953.7	0	112	101	51
1953.7	0	113	101	51
1953.8	0	114	101	51
1954.4	0	114	102	51
1954.6	0	115	102	51
1954.8	0	116	102	51
1954.8	0	116	103	51
1955.0	0	117	103	51
1955.0	0	118	103	51
1955.1	0	119	103	51
1955.3	0	120	103	51
1955.5	1	120	103	51
1955.5	2	120	103	51
1955.6	3	120	103	51
1955.7	3	121	103	51
1955.9	3	122	103	51
1956.1	3	122	104	51
1956.1	4	122	104	51
1956.5	4	123	104	51
1956.6	4	124	104	51
1956.7	5	124	104	51
1956.8	5	125	104	51
1956.9	5	126	104	51
1957.1	5	127	104	51
1957.2	5	128	104	51
1957.4	5	128	105	51
1957.4	5	129	105	51
1957.4	5	130	105	51
1957.6	5	131	105	51
1957.6	5	132	105	51
1957.7	5	133	105	51
1957.9	6	133	105	51
1958.0	6	134	105	51
1958.2	6	135	105	51
1958.2	6	136	105	51
1958.3	6	137	105	51
1958.3	6	137	106	51
1958.4	6	137	107	51
1958.5	6	138	107	51
1958.6	6	139	107	51
1959.1	6	140	107	51
1959.1	6	141	107	51
1959.1	6	142	107	51
1959.1	6	143	107	51
1959.3	6	144	107	51
1959.4	6	145	107	51
1959.6	6	145	108	51
1959.6	6	146	108	51
1959.9	6	146	109	51
1960.3	6	147	109	51
1960.6	6	148	109	51
1960.6	6	149	109	51
1961.0	6	149	110	51
1961.3	6	149	111	51
1961.4	6	150	111	51
1961.5	6	151	111	51
1961.5	6	152	111	51
1961.6	7	152	111	51
1961.8	7	153	111	51
1961.8	7	154	111	51
1961.9	7	154	112	51
1962.0	7	155	112	51
1962.1	8	155	112	51
1962.2	8	156	112	51
1962.3	8	157	112	51
1962.3	8	158	112	51
1962.3	8	159	112	51
1962.4	8	160	112	51
1962.5	8	161	112	51
1962.6	8	162	112	51
1962.6	8	163	112	51
1962.7	8	163	113	51
1962.8	8	164	113	51
1962.8	8	165	113	51
1962.8	8	166	113	51
1962.8	8	167	113	51
1962.9	9	167	113	51
1962.9	10	167	113	51
1962.9	10	168	113	51
1962.9	10	169	113	51
1962.9	10	170	113	51
1963.0	11	170	113	51
1963.0	11	171	113	51
1963.0	11	172	113	51
1963.1	11	173	113	51
1963.1	11	174	113	51
1963.1	11	175	113	51
1963.1	11	176	113	51
1963.1	11	177	113	51
1963.2	12	177	113	51
1963.3	12	178	113	51
1963.3	12	179	113	51
1963.3	12	180	113	51
1963.4	12	181	113	51
1963.4	12	182	113	51
1963.4	12	183	113	51
1963.4	12	184	113	51
1963.4	12	185	113	51
1963.4	12	186	113	51
1963.6	12	187	113	51
1963.6	12	188	113	51
1963.6	12	189	113	51
1963.8	12	190	113	51
1963.8	13	190	113	51
1963.8	13	191	113	51
1963.8	13	192	113	51
1963.8	13	193	113	51
1963.9	13	194	113	51
1963.9	13	194	114	51
1964.0	13	195	114	51
1964.0	13	196	114	51
1964.1	13	197	114	51
1964.1	13	198	114	51
1964.2	14	198	114	51
1964.2	14	199	114	51
1964.2	14	199	115	51
1964.4	14	200	115	51
1964.4	14	201	115	51
1964.5	14	202	115	51
1964.5	14	203	115	51
1964.5	14	204	115	51
1964.5	14	205	115	51
1964.5	14	206	115	51
1964.6	14	207	115	51
1964.8	14	208	115	51
1964.8	14	209	115	51
1964.8	14	210	115	51
1964.8	14	211	115	51
1964.9	14	211	116	51
1964.9	14	212	116	51
1964.9	14	213	116	51
1965.0	15	213	116	51
1965.1	15	214	116	51
1965.1	15	215	116	51
1965.1	15	216	116	51
1965.1	15	216	117	51
1965.1	16	216	117	51
1965.2	17	216	117	51
1965.3	17	217	117	51
1965.3	17	218	117	51
1965.4	17	219	117	51
1965.4	17	220	117	51
1965.4	17	221	117	51
1965.5	17	222	117	51
1965.5	17	223	117	51
1965.5	17	224	117	51
1965.5	17	225	117	51
1965.5	18	225	117	51
1965.5	18	226	117	51
1965.6	18	227	117	51
1965.6	19	227	117	51
1965.7	20	227	117	51
1965.7	20	228	117	51
1965.7	20	229	117	51
1965.7	20	230	117	51
1965.7	20	231	117	51
1965.9	20	232	117	51
1965.9	21	232	117	51
1965.9	22	232	117	51
1965.9	22	233	117	51
1965.9	22	234	117	51
1966.0	22	235	117	51
1966.0	22	236	117	51
1966.0	22	237	117	51
1966.0	22	238	117	51
1966.2	22	239	117	51
1966.2	22	240	117	51
1966.2	22	241	117	51
1966.2	22	242	117	51
1966.3	23	242	117	51
1966.5	23	243	117	51
1966.5	24	243	117	51
1966.5	24	244	117	51
1966.6	25	244	117	51
1966.6	25	245	117	51
1966.6	25	246	117	51
1966.7	25	247	117	51
1966.7	26	247	117	51
1966.7	26	248	117	51
1966.7	26	249	117	51
1966.7	26	250	117	51
1966.8	26	251	117	51
1966.8	27	251	117	51
1966.8	27	252	117	51
1966.8	27	253	117	51
1966.9	27	254	117	51
1966.9	28	254	117	51
1966.9	28	255	117	51
1967.0	28	256	117	51
1967.0	28	257	117	51
1967.0	28	258	117	51
1967.1	28	258	118	51
1967.1	29	258	118	51
1967.1	30	258	118	51
1967.2	30	259	118	51
1967.4	30	260	118	51
1967.4	31	260	118	51
1967.5	31	261	118	51
1967.5	31	262	118	51
1967.5	31	263	118	51
1967.5	31	264	118	51
1967.7	31	265	118	51
1967.7	32	265	118	51
1967.8	32	266	118	51
1967.8	32	267	118	51
1967.8	33	267	118	51
1967.8	33	268	118	51
1967.8	33	269	118	51
1967.9	33	270	118	51
1967.9	34	270	118	51
1968.0	35	270	118	51
1968.0	35	271	118	51
1968.0	36	271	118	51
1968.0	36	272	118	51
1968.1	36	273	118	51
1968.1	36	274	118	51
1968.2	37	274	118	51
1968.2	37	275	118	51
1968.2	37	276	118	51
1968.3	38	276	118	51
1968.3	38	277	118	51
1968.3	38	277	119	51
1968.4	38	278	119	51
1968.4	38	279	119	51
1968.4	38	279	120	51
1968.4	38	280	120	51
1968.5	39	280	120	51
1968.5	39	281	120	51
1968.5	39	282	120	51
1968.5	39	283	120	51
1968.5	39	284	120	51
1968.6	39	285	120	51
1968.6	39	286	120	51
1968.7	40	286	120	51
1968.8	40	287	120	51
1968.8	40	288	120	51
1968.8	41	288	120	51
1968.8	41	289	120	51
1968.8	41	290	120	51
1968.8	42	290	120	51
1969.0	43	290	120	51
1969.1	43	291	120	51
1969.1	43	292	120	51
1969.1	44	292	120	51
1969.1	44	293	120	51
1969.1	45	293	120	51
1969.2	45	294	120	51
1969.2	45	295	120	51
1969.2	45	296	120	51
1969.3	45	297	120	51
1969.4	45	298	120	51
1969.4	45	299	120	51
1969.4	46	299	120	51
1969.4	46	300	120	51
1969.4	46	301	120	51
1969.5	46	301	121	51
1969.5	46	302	121	51
1969.5	46	303	121	51
1969.5	47	303	121	51
1969.6	47	304	121	51
1969.6	47	305	121	51
1969.7	48	305	121	51
1969.7	48	306	121	51
1969.7	48	307	121	51
1969.7	48	308	121	51
1969.8	49	308	121	51
1969.8	50	308	121	51
1969.8	51	308	121	51
1969.9	51	309	121	51
1969.9	51	310	121	51
1970.0	51	311	121	51
1970.0	52	311	121	51
1970.0	52	311	122	51
1970.0	52	312	122	51
1970.0	52	313	122	51
1970.1	52	314	122	51
1970.1	52	315	122	51
1970.1	52	315	123	51
1970.2	52	315	124	51
1970.3	52	316	124	51
1970.3	52	317	124	51
1970.3	52	318	124	51
1970.3	53	318	124	51
1970.4	53	319	124	51
1970.4	53	320	124	51
1970.4	53	321	124	51
1970.6	53	322	124	51
1970.6	53	323	124	51
1970.6	53	324	124	51
1970.7	53	325	124	51
1970.7	53	326	124	51
1970.8	53	327	124	51
1970.8	53	328	124	51
1970.8	54	328	124	51
1970.8	54	329	124	51
1970.8	54	330	124	51
1970.9	55	330	124	51
1970.9	55	330	125	51
1970.9	55	331	125	51
1971.0	55	332	125	51
1971.0	55	333	125	51
1971.0	55	334	125	51
1971.1	55	335	125	51
1971.1	55	336	125	51
1971.1	55	337	125	51
1971.2	55	338	125	51
1971.3	56	338	125	51
1971.4	57	338	125	51
1971.5	58	338	125	51
1971.5	59	338	125	51
1971.6	59	339	125	51
1971.6	59	340	125	51
1971.7	59	340	126	51
1971.7	59	341	126	51
1971.8	60	341	126	51
1971.8	60	342	126	51
1971.9	61	342	126	51
1972.0	62	342	126	51
1972.0	63	342	126	51
1972.0	63	343	126	51
1972.2	64	343	126	51
1972.2	64	344	126	51
1972.2	65	344	126	51
1972.2	65	345	126	51
1972.2	65	346	126	51
1972.2	65	347	126	51
1972.2	65	348	126	51
1972.3	65	349	126	51
1972.3	65	350	126	51
1972.3	66	350	126	51
1972.5	66	350	127	51
1972.7	66	351	127	51
1972.8	66	352	127	51
1972.8	66	353	127	51
1972.9	66	354	127	51
1972.9	67	354	127	51
1972.9	67	355	127	51
1972.9	67	356	127	51
1973.0	67	357	127	51
1973.0	67	358	127	51
1973.0	67	359	127	51
1973.1	68	359	127	51
1973.1	69	359	127	51
1973.1	69	360	127	51
1973.2	69	361	127	51
1973.3	70	361	127	51
1973.3	71	361	127	51
1973.4	71	362	127	51
1973.5	71	363	127	51
1973.5	71	364	127	51
1973.5	71	365	127	51
1973.5	71	366	127	51
1973.5	72	366	127	51
1973.6	73	366	127	51
1973.6	73	367	127	51
1973.7	73	368	127	51
1973.7	73	369	127	51
1973.7	73	370	127	51
1973.9	74	370	127	51
1973.9	74	371	127	51
1974.0	74	372	127	51
1974.0	75	372	127	51
1974.1	75	373	127	51
1974.1	76	373	127	51
1974.1	77	373	127	51
1974.1	77	374	127	51
1974.2	78	374	127	51
1974.2	78	375	127	51
1974.2	78	376	127	51
1974.2	78	377	127	51
1974.2	79	377	127	51
1974.2	79	378	127	51
1974.2	79	379	127	51
1974.3	79	380	127	51
1974.3	79	381	127	51
1974.3	80	381	127	51
1974.3	80	382	127	51
1974.4	81	382	127	51
1974.5	82	382	127	51
1974.6	82	383	127	51
1974.7	82	384	127	51
1974.8	82	385	127	51
1974.8	82	386	127	51
1974.8	82	387	127	51
1974.8	82	388	127	51
1974.8	82	389	127	51
1974.8	82	390	127	51
1974.9	83	390	127	51
1974.9	83	391	127	51
1974.9	83	392	127	51
1974.9	83	393	127	51
1974.9	84	393	127	51
1975.0	85	393	127	51
1975.0	85	394	127	51
1975.1	85	395	127	51
1975.1	86	395	127	51
1975.1	87	395	127	51
1975.2	87	396	127	51
1975.2	87	397	127	51
1975.2	87	398	127	51
1975.2	87	399	127	51
1975.2	87	400	127	51
1975.3	88	400	127	51
1975.3	88	401	127	51
1975.3	89	401	127	51
1975.4	89	402	127	51
1975.4	89	403	127	51
1975.4	89	404	127	51
1975.4	90	404	127	51
1975.5	90	405	127	51
1975.5	90	406	127	51
1975.5	91	406	127	51
1975.5	91	407	127	51
1975.5	91	408	127	51
1975.5	91	409	127	51
1975.6	91	410	127	51
1975.7	92	410	127	51
1975.8	93	410	127	51
1975.8	93	411	127	51
1975.8	94	411	127	51
1975.9	94	412	127	51
1975.9	94	413	127	51
1975.9	94	414	127	51
1975.9	94	414	128	51
1975.9	94	415	128	51
1976.0	94	415	129	51
1976.1	94	416	129	51
1976.1	94	417	129	51
1976.1	94	417	130	51
1976.1	95	417	130	51
1976.1	95	418	130	51
1976.2	95	419	130	51
1976.3	95	420	130	51
1976.3	96	420	130	51
1976.3	96	421	130	51
1976.3	96	422	130	51
1976.3	96	422	131	51
1976.3	96	423	131	51
1976.4	96	424	131	51
1976.4	97	424	131	51
1976.7	97	425	131	51
1976.8	97	426	131	51
1976.8	97	427	131	51
1976.9	97	427	131	51
1976.9	97	428	131	51
1976.9	97	429	131	51
1977.0	97	430	131	51
1977.0	97	431	131	51
1977.0	97	432	131	51
1977.0	97	433	131	51
1977.1	97	434	131	51
1977.1	97	435	131	51
1977.2	97	436	131	51
1977.2	97	437	131	51
1977.2	97	438	131	51
1977.3	97	439	131	51
1977.3	97	440	131	51
1977.4	97	441	131	51
1977.4	97	442	131	51
1977.5	97	443	131	51
1977.5	98	443	131	51
1977.5	99	443	131	51
1977.6	99	444	131	51
1977.7	99	445	131	51
1977.8	99	446	131	51
1977.9	99	447	131	51
1978.0	99	447	132	51
1978.0	99	448	132	51
1978.0	99	449	132	51
1978.1	100	449	132	51
1978.1	100	450	132	51
1978.2	100	451	132	51
1978.2	100	452	132	51
1978.3	100	453	132	51
1978.3	100	454	132	51
1978.4	100	455	132	51
1978.5	101	455	132	51
1978.5	101	456	132	51
1978.6	102	456	132	51
1978.6	102	457	132	51
1978.7	102	458	132	51
1978.7	102	459	132	51
1978.7	102	460	132	51
1978.7	102	461	132	51
1978.8	102	462	132	51
1978.9	102	463	132	51
1978.9	103	463	132	51
1978.9	103	464	132	51
1979.0	103	465	132	51
1979.2	103	466	132	51
1979.2	103	467	132	51
1979.2	103	468	132	51
1979.2	103	469	132	51
1979.2	103	470	132	51
1979.2	103	471	132	51
1979.3	103	472	132	51
1979.4	103	473	132	51
1979.4	103	474	132	51
1979.4	103	474	133	51
1979.5	103	475	133	51
1979.6	103	476	133	51
1979.6	104	476	133	51
1979.6	105	476	133	51
1979.6	105	477	133	51
1979.7	105	478	133	51
1979.7	105	479	133	51
1979.7	105	480	133	51
1979.8	106	480	133	51
1979.8	106	481	133	51
1979.8	106	482	133	51
1979.9	106	483	133	51
1979.9	106	484	133	51
1979.9	106	485	133	51
1980.0	107	485	133	51
1980.0	107	486	133	51
1980.0	108	486	133	51
1980.0	109	486	133	51
1980.1	110	486	133	51
1980.1	110	487	133	51
1980.1	111	487	133	51
1980.1	111	487	134	51
1980.2	112	487	134	51
1980.3	112	488	134	51
1980.3	112	489	134	51
1980.4	112	490	134	51
1980.4	112	491	134	51
1980.5	112	492	134	51
1980.6	112	493	134	51
1980.6	113	493	134	51
1980.6	113	494	134	51
1980.7	113	495	134	51
1980.7	113	496	134	51
1980.7	113	497	134	51
1980.8	113	498	134	51
1980.8	113	499	134	51
1980.8	113	500	134	51
1980.8	113	501	134	51
1980.9	113	502	134	51
1980.9	113	503	134	51
1980.9	113	504	134	51
1981.0	113	505	134	51
1981.0	113	506	134	51
1981.0	113	507	134	51
1981.0	113	508	134	51
1981.1	113	509	134	51
1981.1	113	510	134	51
1981.1	114	510	134	51
1981.2	114	511	134	51
1981.2	114	512	134	51
1981.2	114	513	134	51
1981.3	114	514	134	51
1981.3	114	515	134	51
1981.4	114	515	135	51
1981.5	114	516	135	51
1981.5	115	516	135	51
1981.6	115	517	135	51
1981.6	115	518	135	51
1981.7	115	519	135	51
1981.7	115	520	135	51
1981.7	115	521	135	51
1981.7	115	522	135	51
1981.8	115	523	135	51
1981.9	115	524	135	51
1981.9	115	525	135	51
1981.9	115	526	135	51
1981.9	116	526	135	51
1981.9	116	527	135	51
1982.0	116	528	135	51
1982.0	117	528	135	51
1982.0	117	529	135	51
1982.0	117	530	135	51
1982.0	117	531	135	51
1982.1	117	532	135	51
1982.1	117	533	135	51
1982.1	118	533	135	51
1982.2	119	533	135	51
1982.2	119	534	135	51
1982.3	119	535	135	51
1982.3	120	535	135	51
1982.3	120	536	135	51
1982.3	121	536	135	51
1982.3	121	537	135	51
1982.3	121	537	136	51
1982.4	121	538	136	51
1982.4	122	538	136	51
1982.4	122	539	136	51
1982.4	122	540	136	51
1982.4	122	541	136	51
1982.4	122	542	136	51
1982.4	123	542	136	51
1982.5	123	543	136	51
1982.6	123	544	136	51
1982.6	123	545	136	51
1982.7	123	546	136	51
1982.7	123	547	136	51
1982.7	124	547	136	51
1982.8	124	548	136	51
1982.8	124	549	136	51
1982.8	125	549	136	51
1982.8	125	550	136	51
1982.8	125	551	136	51
1982.9	125	552	136	51
1982.9	125	553	136	51
1982.9	125	554	136	51
1982.9	125	555	136	51
1982.9	125	556	136	51
1982.9	125	557	136	51
1983.1	125	558	136	51
1983.1	125	559	136	51
1983.1	125	560	136	51
1983.1	125	561	136	51
1983.2	125	562	136	51
1983.2	125	563	136	51
1983.3	125	564	136	51
1983.3	125	565	136	51
1983.3	125	566	136	51
1983.4	125	567	136	51
1983.4	126	567	136	51
1983.4	126	568	136	51
1983.5	127	568	136	51
1983.5	127	569	136	51
1983.6	127	570	136	51
1983.6	127	571	136	51
1983.6	127	572	136	51
1983.6	127	573	136	51
1983.6	127	574	136	51
1983.6	127	575	136	51
1983.7	128	575	136	51
1983.8	128	576	136	51
1983.8	129	576	136	51
1983.8	129	576	136	52
1983.9	129	577	136	52
1984.0	129	578	136	52
1984.0	129	579	136	52
1984.0	129	580	136	52
1984.0	129	581	136	52
1984.0	129	582	136	52
1984.1	130	582	136	52
1984.2	130	583	136	52
1984.2	130	584	136	52
1984.2	131	584	136	52
1984.2	132	584	136	52
1984.3	133	584	136	52
1984.3	133	585	136	52
1984.3	134	585	136	52
1984.3	134	586	136	52
1984.4	134	587	136	52
1984.4	135	587	136	52
1984.5	135	588	136	52
1984.5	135	589	136	52
1984.5	135	590	136	52
1984.6	136	590	136	52
1984.6	136	591	136	52
1984.6	136	592	136	52
1984.6	136	593	136	52
1984.6	137	593	136	52
1984.6	137	594	136	52
1984.6	138	594	136	52
1984.6	138	594	137	52
1984.6	139	594	137	52
1984.7	139	595	137	52
1984.7	139	596	137	52
1984.7	140	596	137	52
1984.7	140	597	137	52
1984.9	140	598	137	52
1984.9	140	599	137	52
1984.9	140	600	137	52
1985.0	141	600	137	52
1985.0	141	601	137	52
1985.0	141	602	137	52
1985.0	141	603	137	52
1985.0	141	604	137	52
1985.1	141	605	137	52
1985.1	141	606	137	52
1985.1	141	607	137	52
1985.2	141	608	137	52
1985.2	142	608	137	52
1985.2	142	609	137	52
1985.2	143	609	137	52
1985.3	143	610	137	52
1985.3	144	610	137	52
1985.3	145	610	137	52
1985.3	145	611	137	52
1985.3	145	612	137	52
1985.4	145	613	137	52
1985.4	145	614	137	52
1985.4	145	615	137	52
1985.4	146	615	137	52
1985.5	146	616	137	52
1985.5	146	617	137	52
1985.5	146	618	137	52
1985.5	146	619	137	52
1985.6	146	620	137	52
1985.6	146	621	137	52
1985.6	146	622	137	52
1985.6	146	623	137	52
1985.6	146	624	137	52
1985.7	146	625	137	52
1985.7	147	625	137	52
1985.7	147	626	137	52
1985.7	147	627	137	52
1985.8	147	628	137	52
1985.9	147	629	137	52
1985.9	147	630	137	52
1985.9	147	631	137	52
1985.9	147	632	137	52
1986.0	147	633	137	52
1986.0	147	634	137	52
1986.0	147	635	137	52
1986.0	147	636	137	52
1986.1	147	636	138	52
1986.1	147	637	138	52
1986.1	147	638	138	52
1986.2	147	639	138	52
1986.2	147	640	138	52
1986.3	148	640	138	52
1986.3	148	640	139	52
1986.3	148	641	139	52
1986.3	149	641	139	52
1986.3	150	641	139	52
1986.3	150	642	139	52
1986.3	150	643	139	52
1986.3	150	644	139	52
1986.4	150	645	139	52
1986.4	150	645	140	52
1986.4	150	646	140	52
1986.4	150	647	140	52
1986.5	151	647	140	52
1986.5	151	648	140	52
1986.5	151	649	140	52
1986.5	151	650	140	52
1986.6	151	651	140	52
1986.6	151	652	140	52
1986.6	152	652	140	52
1986.7	152	653	140	52
1986.7	153	653	140	52
1986.8	153	654	140	52
1986.8	153	655	140	52
1986.9	153	656	140	52
1986.9	153	657	140	52
1986.9	153	658	140	52
1987.1	153	659	140	52
1987.1	153	660	140	52
1987.1	153	661	140	52
1987.2	154	661	140	52
1987.2	155	661	140	52
1987.2	155	662	140	52
1987.2	156	662	140	52
1987.3	157	662	140	52
1987.3	157	663	140	52
1987.4	158	663	140	52
1987.4	159	663	140	52
1987.5	160	663	140	52
1987.5	160	664	140	52
1987.5	160	665	140	52
1987.5	160	666	140	52
1987.5	160	667	140	52
1987.6	160	668	140	52
1987.6	160	669	140	52
1987.6	161	669	140	52
1987.6	161	670	140	52
1987.6	161	671	140	52
1987.6	162	671	140	52
1987.6	162	672	140	52
1987.7	162	673	140	52
1987.7	162	674	140	52
1987.8	162	675	140	52
1987.9	163	675	140	52
1988.0	163	676	140	52
1988.0	163	677	140	52
1988.0	163	678	140	52
1988.1	163	679	140	52
1988.1	163	680	140	52
1988.1	164	680	140	52
1988.3	164	681	140	52
1988.3	164	681	141	52
1988.3	164	682	141	52
1988.3	164	683	141	52
1988.4	164	684	141	52
1988.4	164	685	141	52
1988.4	164	686	141	52
1988.4	164	687	141	52
1988.4	164	688	141	52
1988.4	164	689	141	52
1988.4	164	690	141	52
1988.4	164	691	141	52
1988.4	164	692	141	52
1988.5	164	693	141	52
1988.5	164	694	141	52
1988.5	164	695	141	52
1988.5	164	695	142	52
1988.5	165	695	142	52
1988.5	165	696	142	52
1988.6	165	697	142	52
1988.6	165	698	142	52
1988.6	165	699	142	52
1988.6	165	700	142	52
1988.6	165	701	142	52
1988.7	165	702	142	52
1988.7	166	702	142	52
1988.8	166	703	142	52
1988.8	166	704	142	52
1988.8	166	705	142	52
1988.8	166	706	142	52
1988.8	166	707	142	52
1988.9	166	708	142	52
1988.9	166	708	142	53
1988.9	166	709	142	53
1989.0	167	709	142	53
1989.0	167	710	142	53
1989.1	167	711	142	53
1989.1	168	711	142	53
1989.1	168	712	142	53
1989.2	168	713	142	53
1989.2	168	714	142	53
1989.3	168	715	142	53
1989.3	168	716	142	53
1989.4	168	717	142	53
1989.4	168	718	142	53
1989.4	168	719	142	53
1989.5	168	720	142	53
1989.5	168	721	142	53
1989.5	169	721	142	53
1989.6	169	722	142	53
1989.6	169	723	142	53
1989.6	169	724	142	53
1989.6	169	725	142	53
1989.6	169	726	142	53
1989.8	169	727	142	53
1989.9	170	727	142	53
1989.9	170	728	142	53
1989.9	171	728	142	53
1989.9	171	729	142	53
1989.9	171	730	142	53
1989.9	171	731	142	53
1990.0	171	732	142	53
1990.0	171	733	142	53
1990.0	171	734	142	53
1990.1	171	735	142	53
1990.1	171	736	142	53
1990.2	171	737	142	53
1990.2	171	738	142	53
1990.3	171	739	142	53
1990.4	171	740	142	53
1990.4	171	741	142	53
1990.4	172	741	142	53
1990.5	172	742	142	53
1990.5	172	743	142	53
1990.5	172	744	142	53
1990.5	172	745	142	53
1990.6	172	746	142	53
1990.6	172	747	142	53
1990.6	172	748	142	53
1990.6	172	749	142	53
1990.6	172	750	142	53
1990.6	172	751	142	53
1990.6	173	751	142	53
1990.7	173	752	142	53
1990.7	173	753	142	53
1990.7	173	754	142	53
1990.8	173	755	142	53
1990.8	174	755	142	53
1990.8	175	755	142	53
1990.9	175	756	142	53
1991.0	175	757	142	53
1991.0	175	758	142	53
1991.0	175	758	143	53
1991.0	175	758	144	53
1991.1	175	759	144	53
1991.2	176	759	144	53
1991.2	176	760	144	53
1991.3	176	760	145	53
1991.3	176	761	145	53
1991.3	176	762	145	53
1991.3	176	763	145	53
1991.3	176	764	145	53
1991.3	176	765	145	53
1991.3	176	766	145	53
1991.4	176	767	145	53
1991.4	176	767	146	53
1991.6	176	768	146	53
1991.6	176	769	146	53
1991.6	176	770	146	53
1991.6	176	771	146	53
1991.7	176	772	146	53
1991.8	176	772	147	53
1991.8	176	773	147	53
1991.8	176	774	147	53
1991.8	176	775	147	53
1991.9	176	776	147	53
1991.9	176	777	147	53
1991.9	176	778	147	53
1991.9	176	779	147	53
1992.1	176	780	147	53
1992.1	176	781	147	53
1992.1	176	782	147	53
1992.1	176	783	147	53
1992.1	176	784	147	53
1992.2	177	784	147	53
1992.2	177	785	147	53
1992.2	177	786	147	53
1992.2	177	787	147	53
1992.3	177	788	147	53
1992.3	177	789	147	53
1992.3	177	790	147	53
1992.3	177	791	147	53
1992.3	177	792	147	53
1992.3	177	793	147	53
1992.3	177	794	147	53
1992.4	178	794	147	53
1992.4	179	794	147	53
1992.4	179	795	147	53
1992.4	179	796	147	53
1992.4	179	797	147	53
1992.4	179	798	147	53
1992.4	179	799	147	53
1992.4	180	799	147	53
1992.5	180	800	147	53
1992.5	181	800	147	53
1992.6	181	801	147	53
1992.6	182	801	147	53
1992.6	182	802	147	53
1992.7	182	803	147	53
1992.7	183	803	147	53
1992.7	183	804	147	53
1992.7	183	805	147	53
1992.7	183	806	147	53
1992.8	183	807	147	53
1992.8	184	807	147	53
1992.8	184	808	147	53
1992.9	184	809	147	53
1992.9	184	810	147	53
1992.9	184	811	147	53
1992.9	184	812	147	53
1992.9	185	812	147	53
1992.9	185	813	147	53
1992.9	185	814	147	53
1993.0	185	815	147	53
1993.0	185	816	147	53
1993.0	186	816	147	53
1993.0	186	817	147	53
1993.1	186	818	147	53
1993.1	186	819	147	53
1993.1	186	820	147	53
1993.2	187	820	147	53
1993.2	187	821	147	53
1993.2	187	822	147	53
1993.2	187	823	147	53
1993.3	187	824	147	53
1993.3	187	825	147	53
1993.3	187	826	147	53
1993.3	188	826	147	53
1993.3	188	827	147	53
1993.4	189	827	147	53
1993.4	189	828	147	53
1993.4	189	829	147	53
1993.4	190	829	147	53
1993.4	190	830	147	53
1993.5	190	831	147	53
1993.5	190	832	147	53
1993.5	190	833	147	53
1993.5	190	834	147	53
1993.6	190	835	147	53
1993.6	190	836	147	53
1993.7	190	836	148	53
1993.7	191	836	148	53
1993.7	191	837	148	53
1993.7	191	838	148	53
1993.7	191	839	148	53
1993.7	192	839	148	53
1993.8	193	839	148	53
1993.8	193	840	148	53
1993.8	193	841	148	53
1993.8	193	842	148	53
1993.8	193	843	148	53
1993.8	193	844	148	53
1993.8	194	844	148	53
1993.8	194	845	148	53
1993.9	194	846	148	53
1993.9	194	847	148	53
1994.0	194	848	148	53
1994.1	194	849	148	53
1994.1	195	849	148	53
1994.1	195	850	148	53
1994.1	195	851	148	53
1994.1	195	852	148	53
1994.1	195	853	148	53
1994.2	195	854	148	53
1994.2	195	855	148	53
1994.2	195	856	148	53
1994.2	195	857	148	53
1994.2	195	858	148	53
1994.3	195	859	148	53
1994.3	195	860	148	53
1994.3	196	860	148	53
1994.3	196	861	148	53
1994.3	196	862	148	53
1994.4	196	863	148	53
1994.4	196	864	148	53
1994.4	196	865	148	53
1994.4	196	866	148	53
1994.4	197	866	148	53
1994.4	197	867	148	53
1994.5	197	868	148	53
1994.5	197	869	148	53
1994.5	197	870	148	53
1994.5	197	871	148	53
1994.5	197	872	148	53
1994.6	197	873	148	53
1994.6	197	874	148	53
1994.6	197	875	148	53
1994.7	198	875	148	53
1994.7	198	876	148	53
1994.7	198	876	149	53
1994.8	198	877	149	53
1994.8	198	878	149	53
1994.8	198	879	149	53
1994.8	198	880	149	53
1994.9	198	881	149	53
1994.9	198	882	149	53
1994.9	198	883	149	53
1994.9	198	884	149	53
1995.0	198	885	149	53
1995.0	199	885	149	53
1995.0	199	886	149	53
1995.0	199	887	149	53
1995.1	199	888	149	53
1995.1	199	889	149	53
1995.2	199	890	149	53
1995.2	199	891	149	53
1995.2	200	891	149	53
1995.3	200	892	149	53
1995.3	200	893	149	53
1995.4	200	894	149	53
1995.4	200	895	149	53
1995.4	200	896	149	53
1995.4	200	897	149	53
1995.4	200	898	149	53
1995.5	200	899	149	53
1995.5	200	900	149	53
1995.5	200	901	149	53
1995.5	200	902	149	53
1995.5	200	903	149	53
1995.6	201	903	149	53
1995.6	201	904	149	53
1995.6	201	905	149	53
1995.6	201	906	149	53
1995.7	202	906	149	53
1995.7	202	907	149	53
1995.7	202	908	149	53
1995.7	202	909	149	53
1995.8	202	910	149	53
1995.8	202	911	149	53
1995.8	202	912	149	53
1995.8	202	913	149	53
1995.8	202	914	149	53
1995.8	203	914	149	53
1995.8	203	915	149	53
1995.8	203	916	149	53
1995.8	203	917	149	53
1995.9	203	918	149	53
1995.9	203	919	149	53
1996.0	203	920	149	53
1996.0	203	921	149	53
1996.0	203	922	149	53
1996.0	203	922	150	53
1996.0	203	923	150	53
1996.0	203	924	150	53
1996.1	203	925	150	53
1996.1	204	925	150	53
1996.1	204	926	150	53
1996.1	205	926	150	53
1996.1	205	927	150	53
1996.1	206	927	150	53
1996.1	207	927	150	53
1996.1	207	928	150	53
1996.1	207	929	150	53
1996.2	207	930	150	53
1996.2	207	931	150	53
1996.2	208	931	150	53
1996.2	208	932	150	53
1996.2	208	933	150	53
1996.2	208	934	150	53
1996.2	208	935	150	53
1996.3	208	936	150	53
1996.3	208	936	151	53
1996.3	208	937	151	53
1996.3	208	938	151	53
1996.3	208	939	151	53
1996.3	208	940	151	53
1996.3	208	941	151	53
1996.3	209	941	151	53
1996.4	209	942	151	53
1996.4	209	943	151	53
1996.4	210	943	151	53
1996.4	210	944	151	53
1996.4	210	945	151	53
1996.4	210	946	151	53
1996.4	211	946	151	53
1996.4	211	947	151	53
1996.4	211	948	151	53
1996.5	211	948	152	53
1996.5	211	949	152	53
1996.6	211	950	152	53
1996.7	211	951	152	53
1996.7	212	951	152	53
1996.7	213	951	152	53
1996.7	213	952	152	53
1996.8	213	953	152	53
1996.8	213	954	152	53
1996.8	213	955	152	53
1996.8	213	956	152	53
1996.8	214	956	152	53
1996.8	214	957	152	53
1997.0	215	957	152	53
1997.0	215	958	152	53
1997.0	215	959	152	53
1997.1	216	959	152	53
1997.1	216	960	152	53
1997.1	216	961	152	53
1997.1	216	962	152	53
1997.1	216	963	152	53
1997.2	216	964	152	53
1997.2	216	964	152	54
1997.2	216	965	152	54
1997.2	216	966	152	54
1997.2	216	967	152	54
1997.2	216	968	152	54
1997.2	216	969	152	54
1997.2	216	970	152	54
1997.2	217	970	152	54
1997.2	217	971	152	54
1997.2	217	972	152	54
1997.3	217	973	152	54
1997.3	217	974	152	54
1997.3	217	975	152	54
1997.4	217	976	152	54
1997.4	217	977	152	54
1997.4	217	978	152	54
1997.4	217	979	152	54
1997.4	217	980	152	54
1997.4	217	981	152	54
1997.5	217	982	152	54
1997.5	217	983	152	54
1997.5	217	984	152	54
1997.5	217	985	152	54
1997.5	217	986	152	54
1997.5	217	987	152	54
1997.6	217	988	152	54
1997.6	217	989	152	54
1997.6	217	990	152	54
1997.7	217	991	152	54
1997.7	217	992	152	54
1997.7	217	993	152	54
1997.8	217	994	152	54
1997.8	217	995	152	54
1997.8	217	995	153	54
1997.8	217	996	153	54
1997.9	217	997	153	54
1997.9	217	997	154	54
1997.9	217	997	155	54
1997.9	217	998	155	54
1997.9	217	999	155	54
1998.0	217	1000	155	54
1998.0	217	1001	155	54
1998.0	217	1002	155	54
1998.0	217	1003	155	54
1998.1	217	1004	155	54
1998.1	217	1005	155	54
1998.2	217	1006	155	54
1998.2	217	1007	155	54
1998.2	217	1008	155	54
1998.2	218	1008	155	54
1998.2	218	1009	155	54
1998.2	218	1010	155	54
1998.3	219	1010	155	54
1998.3	219	1011	155	54
1998.3	219	1012	155	54
1998.3	219	1013	155	54
1998.4	219	1014	155	54
1998.4	219	1015	155	54
1998.4	219	1016	155	54
1998.5	219	1017	155	54
1998.5	220	1017	155	54
1998.5	220	1017	156	54
1998.5	221	1017	156	54
1998.6	221	1018	156	54
1998.6	221	1019	156	54
1998.6	221	1020	156	54
1998.6	221	1021	156	54
1998.6	221	1022	156	54
1998.6	221	1023	156	54
1998.6	221	1024	156	54
1998.6	221	1025	156	54
1998.6	221	1026	156	54
1998.7	221	1027	156	54
1998.7	221	1028	156	54
1998.7	221	1029	156	54
1998.7	222	1029	156	54
1998.7	222	1030	156	54
1998.7	222	1031	156	54
1998.8	222	1032	156	54
1998.8	222	1033	156	54
1998.8	223	1033	156	54
1998.8	223	1034	156	54
1998.8	223	1035	156	54
1998.9	224	1035	156	54
1998.9	224	1036	156	54
1998.9	224	1037	156	54
1998.9	224	1038	156	54
1999.0	224	1039	156	54
1999.0	224	1040	156	54
1999.0	224	1040	157	54
1999.0	224	1041	157	54
1999.0	224	1042	157	54
1999.1	224	1043	157	54
1999.1	224	1044	157	54
1999.1	224	1045	157	54
1999.1	225	1045	157	54
1999.1	226	1045	157	54
1999.1	226	1046	157	54
1999.1	226	1047	157	54
1999.1	226	1048	157	54
1999.1	226	1049	157	54
1999.1	226	1050	157	54
1999.2	226	1051	157	54
1999.2	226	1052	157	54
1999.2	226	1053	157	54
1999.2	226	1054	157	54
1999.2	226	1055	157	54
1999.3	226	1056	157	54
1999.3	226	1057	157	54
1999.3	226	1058	157	54
1999.3	226	1059	157	54
1999.3	226	1060	157	54
1999.3	226	1061	157	54
1999.4	226	1062	157	54
1999.4	226	1063	157	54
1999.4	226	1064	157	54
1999.5	227	1064	157	54
1999.5	228	1064	157	54
1999.5	228	1065	157	54
1999.5	228	1066	157	54
1999.5	228	1067	157	54
1999.6	228	1068	157	54
1999.6	228	1069	157	54
1999.6	228	1070	157	54
1999.6	228	1071	157	54
1999.6	228	1072	157	54
1999.6	228	1073	157	54
1999.6	228	1074	157	54
1999.6	228	1075	157	54
1999.7	228	1076	157	54
1999.7	228	1077	157	54
1999.7	228	1078	157	54
1999.7	228	1078	158	54
1999.8	228	1079	158	54
1999.9	228	1080	158	54
1999.9	228	1081	158	54
1999.9	228	1081	159	54
1999.9	228	1082	159	54
1999.9	228	1083	159	54
1999.9	228	1084	159	54
1999.9	228	1085	159	54
2000.0	228	1086	159	54
2000.0	229	1086	159	54
2000.2	230	1086	159	54
2000.2	230	1086	160	54
2000.3	231	1086	160	54
2000.3	231	1087	160	54
2000.3	232	1087	160	54
2000.3	232	1088	160	54
2000.4	233	1088	160	54
2000.4	234	1088	160	54
2000.5	235	1088	160	54
2000.6	236	1088	160	54
2000.7	237	1088	160	54
2000.7	237	1089	160	54
2000.7	237	1090	160	54
2000.8	238	1090	160	54
2000.8	239	1090	160	54
2000.8	240	1090	160	54
2000.8	241	1090	160	54
2000.8	242	1090	160	54
2000.9	242	1090	161	54
2000.9	242	1091	161	54
2000.9	243	1091	161	54
2001.0	244	1091	161	54
2001.0	245	1091	161	54
2001.0	245	1092	161	54
2001.0	246	1092	161	54
2001.1	246	1093	161	54
2001.1	247	1093	161	54
2001.1	247	1094	161	54
2001.1	247	1095	161	54
2001.1	247	1096	161	54
2001.1	247	1097	161	54
2001.3	247	1098	161	54
2001.3	248	1098	161	54
2001.3	248	1099	161	54
2001.5	248	1100	161	54
2001.5	248	1101	161	54
2001.5	249	1101	161	54
2001.5	250	1101	161	54
2001.5	251	1101	161	54
2001.5	251	1102	161	54
2001.6	251	1103	161	54
2001.6	251	1104	161	54
2001.8	252	1104	161	54
2001.8	253	1104	161	54
2001.8	253	1105	161	54
2001.8	254	1105	161	54
2001.9	255	1105	161	54
2001.9	255	1106	161	54
2002.0	255	1107	161	54
2002.0	256	1107	161	54
2002.0	257	1107	161	54
2002.0	258	1107	161	54
2002.1	259	1107	161	54
2002.1	259	1108	161	54
2002.1	259	1109	161	54
2002.2	259	1110	161	54
2002.2	259	1111	161	54
2002.2	259	1112	161	54
2002.2	259	1113	161	54
2002.2	260	1113	161	54
2002.3	260	1114	161	54
2002.3	261	1114	161	54
2002.3	262	1114	161	54
2002.4	263	1114	161	54
2002.4	264	1114	161	54
2002.4	265	1114	161	54
2002.4	266	1114	161	54
2002.5	266	1114	162	54
2002.5	266	1115	162	54
2002.5	267	1115	162	54
2002.6	268	1115	162	54
2002.6	269	1115	162	54
2002.6	269	1116	162	54
2002.7	270	1116	162	54
2002.8	271	1116	162	54
2002.9	272	1116	162	54
2002.9	273	1116	162	54
2002.9	273	1117	162	54
2002.9	273	1118	162	54
2002.9	274	1118	162	54
2003.1	275	1118	162	54
2003.1	276	1118	162	54
2003.1	276	1119	162	54
2003.1	277	1119	162	54
2003.2	277	1120	162	54
2003.2	277	1121	162	54
2003.2	278	1121	162	54
2003.2	279	1121	162	54
2003.2	279	1122	162	54
2003.2	280	1122	162	54
2003.3	281	1122	162	54
2003.4	282	1122	162	54
2003.4	283	1122	162	54
2003.4	283	1123	162	54
2003.4	283	1124	162	54
2003.4	283	1125	162	54
2003.4	284	1125	162	54
2003.5	285	1125	162	54
2003.5	286	1125	162	54
2003.6	287	1125	162	54
2003.6	288	1125	162	54
2003.6	289	1125	162	54
2003.6	290	1125	162	54
2003.6	290	1126	162	54
2003.7	291	1126	162	54
2003.8	291	1127	162	54
2003.8	292	1127	162	54
2003.8	293	1127	162	54
2003.8	294	1127	162	54
2003.8	294	1128	162	54
2003.8	294	1129	162	54
2003.8	294	1129	163	54
2003.8	294	1130	163	54
2003.9	295	1130	163	54
2003.9	296	1130	163	54
2003.9	297	1130	163	54
2003.9	297	1131	163	54
2004.0	298	1131	163	54
2004.0	298	1132	163	54
2004.0	299	1132	163	54
2004.1	299	1133	163	54
2004.1	300	1133	163	54
2004.1	301	1133	163	54
2004.1	301	1134	163	54
2004.1	302	1134	163	54
2004.1	303	1134	163	54
2004.1	304	1134	163	54
2004.1	305	1134	163	54
2004.1	305	1135	163	54
2004.1	306	1135	163	54
2004.2	307	1135	163	54
2004.2	308	1135	163	54
2004.2	309	1135	163	54
2004.2	310	1135	163	54
2004.3	310	1136	163	54
2004.3	310	1137	163	54
2004.3	311	1137	163	54
2004.3	312	1137	163	54
2004.3	313	1137	163	54
2004.3	313	1138	163	54
2004.3	313	1139	163	54
2004.3	314	1139	163	54
2004.3	314	1140	163	54
2004.5	314	1141	163	54
2004.5	314	1142	163	54
2004.5	314	1142	164	54
2004.5	315	1142	164	54
2004.5	316	1142	164	54
2004.5	317	1142	164	54
2004.5	318	1142	164	54
2005.0	319	1142	164	54
2005.0	320	1142	164	54
2005.0	321	1142	164	54
2005.1	322	1142	164	54
2005.1	323	1142	164	54
2005.2	324	1142	164	54
2005.2	325	1142	164	54
2005.2	326	1142	164	54
2005.3	327	1142	164	54
2005.4	328	1142	164	54
2005.4	328	1143	164	54
2005.4	329	1143	164	54
2005.5	330	1143	164	54
2005.5	331	1143	164	54
2005.6	332	1143	164	54
2005.6	333	1143	164	54
2005.6	334	1143	164	54
2005.7	335	1143	164	54
2005.7	336	1143	164	54
2005.7	337	1143	164	54
2005.8	338	1143	164	54
2006.0	339	1143	164	54
2006.3	340	1143	164	54
2006.4	341	1143	164	54
2006.4	342	1143	164	54
2006.4	343	1143	164	54
2006.5	344	1143	164	54
2006.6	345	1143	164	54
2006.6	346	1143	164	54
2006.6	347	1143	164	54
2006.7	348	1143	164	54
2006.8	349	1143	164	54
2006.8	350	1143	164	54
2006.8	351	1143	164	54
2006.9	352	1143	164	54
2006.9	353	1143	164	54
2007.0	354	1143	164	54
2007.0	355	1143	164	54
2007.0	356	1143	164	54
2007.1	356	1144	164	54
2007.1	357	1144	164	54
2007.2	358	1144	164	54
2007.2	359	1144	164	54
2007.3	359	1145	164	54
2007.4	360	1145	164	54
2007.4	361	1145	164	54
2007.5	361	1146	164	54
2007.5	362	1146	164	54
2007.7	363	1146	164	54
2007.7	364	1146	164	54
2007.9	365	1146	164	54
2007.9	366	1146	164	54
2007.9	366	1147	164	54
2007.9	367	1147	164	54
2008.1	368	1147	164	54
2008.1	369	1147	164	54
2008.1	370	1147	164	54
2008.2	371	1147	164	54
2008.3	372	1147	164	54
2008.3	373	1147	164	54
2008.4	374	1147	164	54
2008.4	374	1148	164	54
2008.5	375	1148	164	54
2008.6	376	1148	164	54
2008.7	376	1149	164	54
2008.8	376	1150	164	54
2008.8	377	1150	164	54
2008.9	378	1150	164	54
2009.1	379	1150	164	54
2009.2	380	1150	164	54
2009.2	381	1150	164	54
2009.3	382	1150	164	54
2009.3	383	1150	164	54
2009.5	384	1150	164	54
2009.5	385	1150	164	54
2009.5	386	1150	164	54
2009.5	387	1150	164	54
2009.5	388	1150	164	54
2009.8	389	1150	164	54
2009.9	390	1150	164	54
2009.9	391	1150	164	54
2009.9	392	1150	164	54
2010.1	392	1151	164	54
2010.1	393	1151	164	54
2010.1	394	1151	164	54
2010.7	395	1151	164	54
2010.8	396	1151	164	54
2010.8	397	1151	164	54
2010.8	398	1151	164	54
2010.9	399	1151	164	54
2011.0	400	1151	164	54
2011.0	401	1151	164	54
2011.0	402	1151	164	54
2011.1	403	1151	164	54
2011.1	404	1151	164	54
2011.2	404	1152	164	54
2011.2	404	1153	164	54
2011.3	405	1153	164	54
2011.4	406	1153	164	54
2011.4	407	1153	164	54
2011.5	408	1153	164	54
2011.5	409	1153	164	54
2011.5	409	1154	164	54
2011.5	410	1154	164	54
2011.6	411	1154	164	54
2011.8	412	1154	164	54
2012.0	413	1154	164	54
2012.0	414	1154	164	54
2012.0	415	1154	164	54
2012.1	416	1154	164	54
2012.1	417	1154	164	54
2012.1	418	1154	164	54
2012.2	419	1154	164	54
2012.3	420	1154	164	54
2012.4	421	1154	164	54
2012.4	422	1154	164	54
2012.5	423	1154	164	54
2012.5	424	1154	164	54
2012.6	425	1154	164	54
2012.6	425	1154	164	55
2012.6	426	1154	164	55
2012.7	427	1154	164	55
2012.7	428	1154	164	55
2012.8	429	1154	164	55
2012.9	430	1154	164	55
2012.9	431	1154	164	55
2013.0	431	1155	164	55
2013.0	432	1155	164	55
2013.1	433	1155	164	55
2013.1	434	1155	164	55
2013.3	434	1156	164	55
2013.3	434	1157	164	55
2013.5	435	1157	164	55
2013.5	436	1157	164	55
2013.5	437	1157	164	55
2013.6	438	1157	164	55
2013.6	439	1157	164	55
2013.6	440	1157	164	55
2013.9	440	1158	164	55
2013.9	441	1158	164	55
2013.9	442	1158	164	55
2013.9	443	1158	164	55
2013.9	444	1158	164	55
2014.1	445	1158	164	55
2014.1	445	1159	164	55
2014.2	446	1159	164	55
2014.2	446	1160	164	55
2014.3	447	1160	164	55
2014.3	448	1160	164	55
2014.4	449	1160	164	55
2014.4	450	1160	164	55
2014.4	451	1160	164	55
2014.6	452	1160	164	55
2014.6	453	1160	164	55
2014.7	454	1160	164	55
2014.7	455	1160	164	55
2014.7	455	1161	164	55
2015.0	456	1161	164	55
2015.1	457	1161	164	55
2015.1	457	1162	164	55
2015.2	458	1162	164	55
2015.4	459	1162	164	55
2015.5	460	1162	164	55
2015.6	461	1162	164	55
2015.6	462	1162	164	55
2015.7	463	1162	164	55
2015.7	463	1163	164	55
2015.8	464	1163	164	55
2015.8	465	1163	164	55
2015.8	465	1164	164	55
2015.8	466	1164	164	55
2015.9	467	1164	164	55