734.0	0	0	0	1
763.0	0	0	0	1
805.9	0	0	0	2
815.0	0	0	0	3
956.0	0	0	1	3
1052.4	0	0	1	4
1066.3	0	0	1	5
1087.8	0	0	2	5
1238.0	0	0	3	5
1316.0	0	0	3	6
1336.8	0	0	3	6
1344.0	0	0	4	6
1493.0	0	0	4	7
1495.0	0	0	5	7
1549.1	0	0	5	8
1619.3	0	0	5	9
1641.1	0	0	5	10
1678.0	0	0	5	11
1755.4	0	0	6	11
1779.0	0	0	6	12
1838.0	0	0	6	13
1844.4	0	0	6	14
1854.8	0	0	7	14
1864.0	0	0	8	14
1875.3	0	0	9	14
1877.0	0	0	10	14
1880.5	0	0	11	14
1897.4	0	0	12	14
1903.1	0	0	13	14
1903.2	0	0	13	15
1903.7	0	0	14	15
1905.0	0	0	14	16
1905.5	0	0	15	16
1909.8	0	0	16	16
1911.3	0	0	16	17
1911.3	0	0	17	17
1918.2	0	0	17	18
1923.4	0	0	18	18
1923.7	0	0	19	18
1923.7	0	0	19	19
1924.9	0	0	20	19
1925.3	0	0	21	19
1927.5	0	1	21	19
1927.6	0	1	21	20
1928.2	0	1	22	20
1929.4	0	2	22	20
1932.0	0	3	22	20
1932.7	0	3	23	20
1933.8	0	3	24	20
1933.9	0	3	24	21
1934.0	0	3	25	21
1934.5	0	3	25	22
1936.5	0	3	26	22
1938.6	0	3	27	22
1939.4	0	3	28	22
1939.4	0	3	29	22
1939.9	0	3	30	22
1941.1	0	3	30	23
1944.6	0	3	31	23
1946.1	0	3	32	23
1946.1	0	4	32	23
1947.5	0	5	32	23
1947.7	0	5	32	24
1948.5	0	5	33	24
1950.0	0	5	34	24
1950.4	0	6	34	24
1950.7	0	6	35	24
1951.5	0	6	36	24
1952.2	0	7	36	24
1953.0	0	7	37	24
1953.1	0	7	37	25
1953.4	0	7	38	25
1954.8	0	8	38	25
1955.5	0	8	39	25
1955.6	0	9	39	25
1956.5	0	9	40	25
1958.1	0	10	40	25
1958.3	0	10	41	25
1958.7	0	10	42	25
1958.8	0	10	43	25
1959.4	0	11	43	25
1959.8	0	12	43	25
1960.2	0	13	43	25
1960.4	0	13	44	25
1960.6	0	13	45	25
1960.6	0	13	46	25
1960.6	0	13	47	25
1961.0	0	13	48	25
1961.4	0	14	48	25
1962.3	0	14	49	25
1962.3	0	15	49	25
1962.8	0	15	50	25
1962.8	0	16	50	25
1963.8	0	17	50	25
1964.0	0	18	50	25
1964.1	0	19	50	25
1964.1	0	19	51	25
1964.4	0	20	51	25
1964.6	0	21	51	25
1965.1	0	22	51	25
1965.2	0	22	52	25
1965.4	0	23	52	25
1966.5	0	24	52	25
1967.2	0	25	52	25
1967.2	0	25	53	25
1967.6	0	26	53	25
1968.3	0	26	54	25
1968.6	0	27	54	25
1968.6	0	27	55	25
1968.7	0	27	55	25
1969.2	0	28	55	25
1969.5	0	29	55	25
1969.7	0	29	56	25
1969.9	0	29	56	26
1969.9	0	29	57	26
1970.5	0	30	57	26
1970.5	0	31	57	26
1970.7	0	32	57	26
1970.7	0	33	57	26
1970.9	0	33	58	26
1971.3	0	34	58	26
1971.4	0	34	59	26
1971.6	0	34	60	26
1971.7	0	34	61	26
1972.3	0	35	61	26
1972.8	0	36	61	26
1972.9	0	36	62	26
1973.1	0	37	62	26
1973.3	0	38	62	26
1973.4	0	38	63	26
1973.7	0	39	63	26
1973.9	0	39	64	26
1974.0	0	40	64	26
1974.2	0	41	64	26
1974.3	0	42	64	26
1974.4	0	43	64	26
1974.5	0	44	64	26
1974.9	0	45	64	26
1974.9	0	45	65	26
1975.2	0	46	65	26
1975.3	0	47	65	26
1975.3	0	47	66	26
1975.4	0	48	66	26
1975.5	0	49	66	26
1975.5	0	50	66	26
1975.6	0	51	66	26
1975.6	0	52	66	26
1975.9	0	53	66	26
1976.0	0	54	66	26
1976.0	0	55	66	26
1976.0	0	56	66	26
1976.3	0	57	66	26
1976.9	0	57	66	27
1977.3	0	58	66	27
1977.4	0	58	67	27
1977.6	0	59	67	27
1977.7	0	60	67	27
1978.0	0	60	68	27
1978.0	0	61	68	27
1978.1	0	62	68	27
1978.3	0	63	68	27
1978.4	0	63	69	27
1978.4	0	64	69	27
1978.6	0	65	69	27
1978.7	0	65	69	27
1978.7	0	66	69	27
1978.7	0	67	69	27
1978.8	0	68	69	27
1978.9	0	69	69	27
1978.9	0	70	69	27
1979.0	0	71	69	27
1979.2	0	72	69	27
1979.9	0	72	69	27
1979.9	0	73	69	27
1979.9	0	74	69	27
1979.9	0	74	70	27
1980.2	0	75	70	27
1980.8	0	76	70	27
1981.0	0	76	70	28
1981.3	0	77	70	28
1981.3	0	78	70	28
1981.5	0	79	70	28
1981.6	0	79	71	28
1981.6	0	79	71	29
1981.6	0	80	71	29
1982.0	0	80	72	29
1982.0	0	81	72	29
1982.4	0	82	72	29
1982.6	0	83	72	29
1982.8	0	84	72	29
1983.1	0	84	73	29
1983.3	0	84	73	30
1983.3	0	85	73	30
1983.4	0	86	73	30
1983.8	0	87	73	30
1983.8	0	88	73	30
1984.3	0	89	73	30
1984.6	0	89	74	30
1984.8	0	89	75	30
1984.8	0	90	75	30
1985.2	0	90	76	30
1985.5	0	90	77	30
1985.5	0	91	77	30
1985.9	0	92	77	30
1986.3	0	93	77	30
1986.4	0	94	77	30
1987.1	0	95	77	30
1987.3	0	95	78	30
1987.4	0	95	79	30
1987.6	0	95	80	30
1987.6	0	96	80	30
1987.7	0	97	80	30
1987.8	0	98	80	30
1987.9	0	98	81	30
1988.4	0	99	81	30
1988.4	0	100	81	30
1988.4	0	100	82	30
1988.8	0	101	82	30
1988.9	0	102	82	30
1988.9	0	102	83	30
1989.5	0	102	84	30
1989.8	0	102	85	30
1989.9	0	102	86	30
1989.9	0	103	86	30
1990.0	0	104	86	30
1990.2	0	104	87	30
1990.2	0	105	87	30
1990.2	0	106	87	30
1990.5	0	106	88	30
1990.5	0	107	88	30
1990.6	0	107	89	30
1990.8	0	108	89	30
1990.8	0	109	89	30
1991.4	0	110	89	30
1991.8	0	111	89	30
1991.8	0	112	89	30
1992.0	0	113	89	30
1992.0	0	114	89	30
1992.7	0	115	89	30
1992.7	0	115	90	30
1993.0	0	116	90	30
1993.1	0	116	91	30
1993.1	0	117	91	30
1993.4	0	118	91	30
1993.4	0	119	91	30
1993.5	0	120	91	30
1994.1	0	120	91	31
1994.7	0	120	92	31
1995.0	0	120	93	31
1995.4	0	121	93	31
1995.5	0	122	93	31
1995.7	0	123	93	31
1996.1	0	124	93	31
1996.2	0	124	94	31
1996.2	0	125	94	31
1996.2	0	126	94	31
1996.3	0	127	94	31
1996.3	0	128	94	31
1996.5	0	129	94	31
1997.1	0	130	94	31
1997.4	0	130	94	32
1997.4	0	131	94	32
1997.4	1	131	94	32
1997.4	1	132	94	32
1997.4	1	133	94	32
1997.5	1	134	94	32
1997.5	1	134	95	32
1997.5	1	135	95	32
1997.6	1	136	95	32
1997.7	1	137	95	32
1997.8	1	138	95	32
1998.2	1	139	95	32
1998.2	1	139	95	33
1998.2	2	139	95	33
1998.2	2	140	95	33
1998.2	2	141	95	33
1998.2	2	142	95	33
1998.3	2	143	95	33
1998.3	2	143	96	33
1998.4	2	144	96	33
1998.4	2	144	97	33
1998.7	2	145	97	33
1998.8	2	146	97	33
1999.0	2	147	97	33
1999.0	2	147	98	33
1999.1	2	148	98	33
1999.2	2	149	98	33
1999.2	2	150	98	33
1999.3	2	151	98	33
2000.1	2	152	98	33
2000.1	2	152	99	33
2000.2	2	153	99	33
2000.3	3	153	99	33
2000.4	4	153	99	33
2000.4	5	153	99	33
2000.4	5	154	99	33
2000.4	5	155	99	33
2000.4	6	155	99	33
2000.4	7	155	99	33
2000.4	7	156	99	33
2000.5	7	157	99	33
2000.5	8	157	99	33
2000.5	9	157	99	33
2000.5	9	158	99	33
2000.6	10	158	99	33
2000.7	11	158	99	33
2000.8	11	158	100	33
2000.9	11	159	100	33
2000.9	11	160	100	33
2001.1	12	160	100	33
2001.3	12	161	100	33
2001.3	12	162	100	33
2001.3	12	163	100	33
2001.3	13	163	100	33
2001.3	14	163	100	33
2001.4	14	164	100	33
2001.4	15	164	100	33
2001.4	16	164	100	33
2001.4	16	165	100	33
2001.4	17	165	100	33
2001.5	18	165	100	33
2001.6	19	165	100	33
2001.6	19	166	100	33
2001.7	19	167	100	33
2001.7	20	167	100	33
2001.7	20	168	100	33
2001.8	20	168	101	33
2001.8	20	169	101	33
2001.8	20	170	101	33
2001.9	20	171	101	33
2001.9	20	172	101	33
2002.0	21	172	101	33
2002.0	21	173	101	33
2002.1	21	174	101	33
2002.2	22	174	101	33
2002.2	23	174	101	33
2002.3	23	175	101	33
2002.3	23	175	102	33
2002.3	23	176	102	33
2002.3	23	177	102	33
2002.4	24	177	102	33
2002.5	24	178	102	33
2002.5	24	178	102	34
2002.5	25	178	102	34
2002.5	26	178	102	34
2002.5	26	179	102	34
2002.5	27	179	102	34
2002.7	27	180	102	34
2002.8	27	181	102	34
2002.8	28	181	102	34
2002.8	28	182	102	34
2002.8	29	182	102	34
2002.8	29	182	103	34
2002.8	30	182	103	34
2002.8	30	183	103	34
2002.9	30	184	103	34
2002.9	31	184	103	34
2002.9	32	184	103	34
2002.9	33	184	103	34
2003.0	33	185	103	34
2003.0	34	185	103	34
2003.0	34	185	104	34
2003.2	34	186	104	34
2003.2	35	186	104	34
2003.2	36	186	104	34
2003.3	36	187	104	34
2003.4	36	188	104	34
2003.4	37	188	104	34
2003.4	38	188	104	34
2003.5	39	188	104	34
2003.5	40	188	104	34
2003.5	41	188	104	34
2003.5	41	189	104	34
2003.5	41	190	104	34
2003.6	41	191	104	34
2003.6	42	191	104	34
2003.6	42	191	105	34
2003.7	42	192	105	34
2003.7	42	193	105	34
2003.7	43	193	105	34
2003.7	43	194	105	34
2003.7	43	195	105	34
2003.7	43	196	105	34
2003.7	43	197	105	34
2003.8	44	197	105	34
2003.8	44	198	105	34
2003.8	44	199	105	34
2003.8	44	200	105	34
2003.8	44	201	105	34
2003.8	44	202	105	34
2003.9	45	202	105	34
2003.9	45	202	106	34
2003.9	45	202	107	34
2003.9	45	203	107	34
2004.0	45	204	107	34
2004.0	45	204	107	35
2004.0	45	205	107	35
2004.1	45	206	107	35
2004.1	45	207	107	35
2004.1	45	208	107	35
2004.2	46	208	107	35
2004.2	46	209	107	35
2004.2	46	210	107	35
2004.2	47	210	107	35
2004.4	47	211	107	35
2004.4	48	211	107	35
2004.4	48	212	107	35
2004.4	48	213	107	35
2004.4	49	213	107	35
2004.4	50	213	107	35
2004.5	51	213	107	35
2004.5	52	213	107	35
2004.5	53	213	107	35
2004.5	54	213	107	35
2004.6	55	213	107	35
2004.6	55	214	107	35
2004.7	56	214	107	35
2004.7	57	214	107	35
2004.8	57	215	107	35
2004.8	57	215	108	35
2004.8	58	215	108	35
2004.9	58	216	108	35
2004.9	59	216	108	35
2004.9	60	216	108	35
2004.9	61	216	108	35
2004.9	62	216	108	35
2004.9	62	217	108	35
2005.0	63	217	108	35
2005.0	64	217	108	35
2005.0	65	217	108	35
2005.0	66	217	108	35
2005.1	67	217	108	35
2005.1	68	217	108	35
2005.1	69	217	108	35
2005.1	70	217	108	35
2005.1	70	217	108	36
2005.1	71	217	108	36
2005.2	71	218	108	36
2005.2	72	218	108	36
2005.2	72	219	108	36
2005.3	73	219	108	36
2005.3	74	219	108	36
2005.4	75	219	108	36
2005.4	76	219	108	36
2005.4	76	220	108	36
2005.4	77	220	108	36
2005.4	78	220	108	36
2005.4	79	220	108	36
2005.4	80	220	108	36
2005.4	81	220	108	36
2005.5	82	220	108	36
2005.5	82	220	109	36
2005.5	83	220	109	36
2005.5	84	220	109	36
2005.5	85	220	109	36
2005.5	86	220	109	36
2005.5	87	220	109	36
2005.5	88	220	109	36
2005.5	89	220	109	36
2005.6	90	220	109	36
2005.6	91	220	109	36
2005.6	92	220	109	36
2005.6	93	220	109	36
2005.6	94	220	109	36
2005.6	95	220	109	36
2005.6	96	220	109	36
2005.6	97	220	109	36
2005.7	98	220	109	36
2005.7	99	220	109	36
2005.7	100	220	109	36
2005.7	100	221	109	36
2005.7	101	221	109	36
2005.7	102	221	109	36
2005.7	103	221	109	36
2005.8	103	222	109	36
2005.8	104	222	109	36
2005.9	105	222	109	36
2005.9	106	222	109	36
2005.9	107	222	109	36
2005.9	107	223	109	36
2005.9	108	223	109	36
2005.9	109	223	109	36
2005.9	110	223	109	36
2005.9	111	223	109	36
2005.9	112	223	109	36
2006.0	113	223	109	36
2006.0	114	223	109	36
2006.0	115	223	109	36
2006.0	116	223	109	36
2006.0	117	223	109	36
2006.0	117	224	109	36
2006.0	118	224	109	36
2006.1	119	224	109	36
2006.1	119	225	109	36
2006.1	120	225	109	36
2006.2	121	225	109	36
2006.2	122	225	109	36
2006.2	123	225	109	36
2006.2	123	226	109	36
2006.2	124	226	109	36
2006.2	125	226	109	36
2006.2	126	226	109	36
2006.3	127	226	109	36
2006.3	128	226	109	36
2006.3	129	226	109	36
2006.3	130	226	109	36
2006.3	131	226	109	36
2006.3	132	226	109	36
2006.4	133	226	109	36
2006.4	134	226	109	36
2006.4	135	226	109	36
2006.4	136	226	109	36
2006.4	137	226	109	36
2006.4	138	226	109	36
2006.4	138	227	109	36
2006.4	139	227	109	36
2006.4	140	227	109	36
2006.4	141	227	109	36
2006.5	142	227	109	36
2006.5	143	227	109	36
2006.5	144	227	109	36
2006.5	144	228	109	36
2006.5	145	228	109	36
2006.6	145	229	109	36
2006.6	145	230	109	36
2006.6	146	230	109	36
2006.6	147	230	109	36
2006.6	147	231	109	36
2006.6	148	231	109	36
2006.6	149	231	109	36
2006.6	149	232	109	36
2006.7	150	232	109	36
2006.7	151	232	109	36
2006.7	151	233	109	36
2006.7	152	233	109	36
2006.7	153	233	109	36
2006.7	154	233	109	36
2006.7	154	234	109	36
2006.8	155	234	109	36
2006.8	156	234	109	36
2006.8	157	234	109	36
2006.9	158	234	109	36
2006.9	159	234	109	36
2006.9	160	234	109	36
2006.9	161	234	109	36
2006.9	162	234	109	36
2006.9	162	235	109	36
2006.9	163	235	109	36
2006.9	164	235	109	36
2007.0	164	236	109	36
2007.0	165	236	109	36
2007.0	165	237	109	36
2007.0	166	237	109	36
2007.0	167	237	109	36
2007.0	168	237	109	36
2007.0	168	238	109	36
2007.0	169	238	109	36
2007.1	170	238	109	36
2007.1	171	238	109	36
2007.2	172	238	109	36
2007.2	173	238	109	36
2007.2	174	238	109	36
2007.2	175	238	109	36
2007.2	175	239	109	36
2007.2	176	239	109	36
2007.3	176	240	109	36
2007.3	176	241	109	36
2007.3	177	241	109	36
2007.3	178	241	109	36
2007.3	179	241	109	36
2007.3	180	241	109	36
2007.3	181	241	109	36
2007.3	182	241	109	36
2007.3	183	241	109	36
2007.4	184	241	109	36
2007.4	184	242	109	36
2007.4	184	243	109	36
2007.4	185	243	109	36
2007.4	186	243	109	36
2007.4	187	243	109	36
2007.5	188	243	109	36
2007.5	189	243	109	36
2007.5	190	243	109	36
2007.5	190	243	110	36
2007.5	191	243	110	36
2007.5	192	243	110	36
2007.5	192	244	110	36
2007.5	193	244	110	36
2007.6	194	244	110	36
2007.6	195	244	110	36
2007.6	196	244	110	36
2007.6	197	244	110	36
2007.6	198	244	110	36
2007.6	199	244	110	36
2007.7	199	245	110	36
2007.7	200	245	110	36
2007.7	201	245	110	36
2007.7	202	245	110	36
2007.7	202	246	110	36
2007.8	203	246	110	36
2007.8	204	246	110	36
2007.8	205	246	110	36
2007.8	206	246	110	36
2007.8	207	246	110	36
2007.9	208	246	110	36
2007.9	209	246	110	36
2007.9	210	246	110	36
2007.9	211	246	110	36
2007.9	212	246	110	36
2007.9	213	246	110	36
2007.9	214	246	110	36
2007.9	215	246	110	36
2008.0	216	246	110	36
2008.0	217	246	110	36
2008.0	218	246	110	36
2008.0	219	246	110	36
2008.0	220	246	110	36
2008.0	221	246	110	36
2008.0	222	246	110	36
2008.0	223	246	110	36
2008.1	224	246	110	36
2008.1	224	247	110	36
2008.1	225	247	110	36
2008.1	226	247	110	36
2008.2	226	248	110	36
2008.2	227	248	110	36
2008.2	228	248	110	36
2008.2	228	249	110	36
2008.2	229	249	110	36
2008.2	230	249	110	36
2008.2	231	249	110	36
2008.2	231	250	110	36
2008.2	232	250	110	36
2008.3	233	250	110	36
2008.3	234	250	110	36
2008.3	235	250	110	36
2008.3	235	251	110	36
2008.3	236	251	110	36
2008.4	237	251	110	36
2008.4	238	251	110	36
2008.4	239	251	110	36
2008.4	240	251	110	36
2008.5	240	252	110	36
2008.5	241	252	110	36
2008.5	242	252	110	36
2008.5	242	253	110	36
2008.5	243	253	110	36
2008.5	244	253	110	36
2008.6	245	253	110	36
2008.6	246	253	110	36
2008.6	247	253	110	36
2008.6	248	253	110	36
2008.7	249	253	110	36
2008.7	250	253	110	36
2008.7	251	253	110	36
2008.7	252	253	110	36
2008.7	253	253	110	36
2008.7	254	253	110	36
2008.7	254	254	110	36
2008.7	254	255	110	36
2008.8	255	255	110	36
2008.8	256	255	110	36
2008.8	257	255	110	36
2008.8	258	255	110	36
2008.8	259	255	110	36
2008.9	260	255	110	36
2008.9	260	256	110	36
2008.9	261	256	110	36
2008.9	262	256	110	36
2008.9	263	256	110	36
2008.9	264	256	110	36
2008.9	265	256	110	36
2008.9	266	256	110	36
2008.9	267	256	110	36
2008.9	268	256	110	36
2009.0	268	257	110	36
2009.0	269	257	110	36
2009.0	270	257	110	36
2009.0	271	257	110	36
2009.0	272	257	110	36
2009.0	273	257	110	36
2009.0	273	258	110	36
2009.0	274	258	110	36
2009.0	275	258	110	36
2009.1	276	258	110	36
2009.1	277	258	110	36
2009.1	278	258	110	36
2009.1	279	258	110	36
2009.1	280	258	110	36
2009.1	281	258	110	36
2009.1	282	258	110	36
2009.1	283	258	110	36
2009.1	283	259	110	36
2009.1	284	259	110	36
2009.1	285	259	110	36
2009.1	286	259	110	36
2009.2	287	259	110	36
2009.2	288	259	110	36
2009.2	289	259	110	36
2009.2	289	260	110	36
2009.2	289	261	110	36
2009.2	290	261	110	36
2009.2	291	261	110	36
2009.2	292	261	110	36
2009.2	293	261	110	36
2009.2	294	261	110	36
2009.2	295	261	110	36
2009.3	296	261	110	36
2009.3	297	261	110	36
2009.3	297	262	110	36
2009.3	298	262	110	36
2009.4	298	263	110	36
2009.4	298	264	110	36
2009.4	299	264	110	36
2009.4	300	264	110	36
2009.4	301	264	110	36
2009.4	302	264	110	36
2009.5	303	264	110	36
2009.5	303	265	110	36
2009.5	304	265	110	36
2009.6	305	265	110	36
2009.6	305	266	110	36
2009.6	306	266	110	36
2009.6	307	266	110	36
2009.6	308	266	110	36
2009.6	309	266	110	36
2009.6	310	266	110	36
2009.7	311	266	110	36
2009.7	312	266	110	36
2009.7	313	266	110	36
2009.7	314	266	110	36
2009.7	314	267	110	36
2009.7	315	267	110	36
2009.8	316	267	110	36
2009.8	317	267	110	36
2009.8	318	267	110	36
2009.8	319	267	110	36
2009.8	319	268	110	36
2009.8	320	268	110	36
2009.9	321	268	110	36
2009.9	321	269	110	36
2009.9	322	269	110	36
2009.9	323	269	110	36
2009.9	324	269	110	36
2009.9	325	269	110	36
2009.9	326	269	110	36
2010.0	327	269	110	36
2010.0	328	269	110	36
2010.0	329	269	110	36
2010.0	330	269	110	36
2010.1	330	270	110	36
2010.1	331	270	110	36
2010.1	331	271	110	36
2010.1	332	271	110	36
2010.1	333	271	110	36
2010.1	334	271	110	36
2010.1	335	271	110	36
2010.1	335	272	110	36
2010.1	336	272	110	36
2010.1	337	272	110	36
2010.2	338	272	110	36
2010.2	339	272	110	36
2010.2	340	272	110	36
2010.2	341	272	110	36
2010.2	342	272	110	36
2010.2	343	272	110	36
2010.2	344	272	110	36
2010.2	345	272	110	36
2010.2	346	272	110	36
2010.2	347	272	110	36
2010.2	348	272	110	36
2010.2	349	272	110	36
2010.2	350	272	110	36
2010.2	351	272	110	36
2010.2	352	272	110	36
2010.2	353	272	110	36
2010.2	354	272	110	36
2010.3	355	272	110	36
2010.3	356	272	110	36
2010.3	357	272	110	36
2010.3	358	272	110	36
2010.3	358	273	110	36
2010.3	359	273	110	36
2010.3	360	273	110	36
2010.3	361	273	110	36
2010.4	362	273	110	36
2010.4	363	273	110	36
2010.4	364	273	110	36
2010.4	365	273	110	36
2010.4	366	273	110	36
2010.4	367	273	110	36
2010.4	367	274	110	36
2010.4	368	274	110	36
2010.4	369	274	110	36
2010.4	370	274	110	36
2010.5	371	274	110	36
2010.5	372	274	110	36
2010.5	373	274	110	36
2010.6	373	275	110	36
2010.6	374	275	110	36
2010.6	375	275	110	36
2010.6	375	275	111	36
2010.6	375	275	112	36
2010.6	376	275	112	36
2010.6	377	275	112	36
2010.6	378	275	112	36
2010.6	379	275	112	36
2010.6	380	275	112	36
2010.7	381	275	112	36
2010.7	382	275	112	36
2010.7	383	275	112	36
2010.7	384	275	112	36
2010.7	385	275	112	36
2010.7	385	276	112	36
2010.7	386	276	112	36
2010.7	386	277	112	36
2010.8	387	277	112	36
2010.8	387	278	112	36
2010.8	388	278	112	36
2010.8	389	278	112	36
2010.8	389	279	112	36
2010.9	390	279	112	36
2010.9	391	279	112	36
2010.9	392	279	112	36
2010.9	393	279	112	36
2010.9	394	279	112	36
2010.9	395	279	112	36
2010.9	396	279	112	36
2010.9	397	279	112	36
2010.9	398	279	112	36
2011.0	398	279	112	37
2011.0	399	279	112	37
2011.0	400	279	112	37
2011.0	401	279	112	37
2011.0	401	280	112	37
2011.0	402	280	112	37
2011.0	403	280	112	37
2011.1	404	280	112	37
2011.1	405	280	112	37
2011.1	406	280	112	37
2011.1	407	280	112	37
2011.1	408	280	112	37
2011.1	409	280	112	37
2011.1	410	280	112	37
2011.2	411	280	112	37
2011.2	412	280	112	37
2011.2	413	280	112	37
2011.2	414	280	112	37
2011.2	415	280	112	37
2011.2	416	280	112	37
2011.3	417	280	112	37
2011.3	417	281	112	37
2011.3	418	281	112	37
2011.3	419	281	112	37
2011.3	420	281	112	37
2011.3	421	281	112	37
2011.3	422	281	112	37
2011.4	423	281	112	37
2011.4	424	281	112	37
2011.4	425	281	112	37
2011.4	426	281	112	37
2011.4	426	282	112	37
2011.4	426	283	112	37
2011.4	427	283	112	37
2011.4	428	283	112	37
2011.5	429	283	112	37
2011.5	429	284	112	37
2011.5	429	284	113	37
2011.5	430	284	113	37
2011.5	430	285	113	37
2011.5	431	285	113	37
2011.5	432	285	113	37
2011.5	433	285	113	37
2011.5	434	285	113	37
2011.5	435	285	113	37
2011.5	436	285	113	37
2011.5	437	285	113	37
2011.6	438	285	113	37
2011.6	439	285	113	37
2011.6	440	285	113	37
2011.6	441	285	113	37
2011.6	442	285	113	37
2011.6	443	285	113	37
2011.6	443	286	113	37
2011.6	444	286	113	37
2011.6	445	286	113	37
2011.6	446	286	113	37
2011.6	447	286	113	37
2011.7	447	287	113	37
2011.7	447	288	113	37
2011.7	447	289	113	37
2011.7	448	289	113	37
2011.7	449	289	113	37
2011.7	450	289	113	37
2011.7	450	290	113	37
2011.7	451	290	113	37
2011.7	452	290	113	37
2011.8	453	290	113	37
2011.8	454	290	113	37
2011.8	454	291	113	37
2011.8	455	291	113	37
2011.8	456	291	113	37
2011.8	457	291	113	37
2011.9	458	291	113	37
2011.9	459	291	113	37
2011.9	459	292	113	37
2011.9	459	293	113	37
2011.9	460	293	113	37
2012.0	461	293	113	37
2012.0	462	293	113	37
2012.0	462	294	113	37
2012.0	463	294	113	37
2012.0	464	294	113	37
2012.0	465	294	113	37
2012.0	466	294	113	37
2012.0	467	294	113	37
2012.0	468	294	113	37
2012.1	468	295	113	37
2012.1	469	295	113	37
2012.1	470	295	113	37
2012.2	471	295	113	37
2012.2	471	295	114	37
2012.2	471	296	114	37
2012.2	472	296	114	37
2012.2	473	296	114	37
2012.2	473	296	115	37
2012.3	474	296	115	37
2012.3	475	296	115	37
2012.3	476	296	115	37
2012.4	477	296	115	37
2012.4	478	296	115	37
2012.4	479	296	115	37
2012.4	480	296	115	37
2012.4	481	296	115	37
2012.5	482	296	115	37
2012.5	483	296	115	37
2012.5	483	296	116	37
2012.5	484	296	116	37
2012.5	485	296	116	37
2012.5	486	296	116	37
2012.6	486	297	116	37
2012.6	487	297	116	37
2012.6	488	297	116	37
2012.6	489	297	116	37
2012.7	490	297	116	37
2012.7	491	297	116	37
2012.7	492	297	116	37
2012.7	493	297	116	37
2012.7	494	297	116	37
2012.7	495	297	116	37
2012.7	495	298	116	37
2012.7	496	298	116	37
2012.8	497	298	116	37
2012.8	498	298	116	37
2012.8	499	298	116	37
2012.8	500	298	116	37
2012.8	501	298	116	37
2012.8	501	299	116	37
2012.8	502	299	116	37
2012.8	502	300	116	37
2012.8	503	300	116	37
2012.8	503	301	116	37
2012.8	503	302	116	37
2012.9	504	302	116	37
2012.9	505	302	116	37
2012.9	506	302	116	37
2012.9	506	302	117	37
2012.9	507	302	117	37
2013.0	508	302	117	37
2013.0	509	302	117	37
2013.0	510	302	117	37
2013.0	511	302	117	37
2013.0	512	302	117	37
2013.0	513	302	117	37
2013.0	514	302	117	37
2013.0	515	302	117	37
2013.0	516	302	117	37
2013.0	517	302	117	37
2013.0	518	302	117	37
2013.0	519	302	117	37
2013.0	519	303	117	37
2013.1	519	303	118	37
2013.1	520	303	118	37
2013.1	521	303	118	37
2013.1	522	303	118	37
2013.1	523	303	118	37
2013.1	524	303	118	37
2013.1	525	303	118	37
2013.1	526	303	118	37
2013.1	527	303	118	37
2013.2	528	303	118	37
2013.2	529	303	118	37
2013.2	530	303	118	37
2013.2	531	303	118	37
2013.2	531	304	118	37
2013.2	531	305	118	37
2013.2	532	305	118	37
2013.2	533	305	118	37
2013.2	534	305	118	37
2013.3	535	305	118	37
2013.3	536	305	118	37
2013.3	537	305	118	37
2013.3	538	305	118	37
2013.3	538	305	118	37
2013.3	539	305	118	37
2013.3	540	305	118	37
2013.3	541	305	118	37
2013.3	542	305	118	37
2013.3	542	306	118	37
2013.3	542	307	118	37
2013.3	543	307	118	37
2013.3	544	307	118	37
2013.3	545	307	118	37
2013.4	546	307	118	37
2013.4	547	307	118	37
2013.4	548	307	118	37
2013.4	549	307	118	37
2013.4	550	307	118	37
2013.4	551	307	118	37
2013.4	552	307	118	37
2013.4	553	307	118	37
2013.4	554	307	118	37
2013.5	555	307	118	37
2013.5	556	307	118	37
2013.5	557	307	118	37
2013.5	558	307	118	37
2013.5	559	307	118	37
2013.5	560	307	118	37
2013.5	561	307	118	37
2013.6	562	307	118	37
2013.6	563	307	118	37
2013.6	563	308	118	37
2013.6	564	308	118	37
2013.6	564	309	118	37
2013.6	564	310	118	37
2013.6	565	310	118	37
2013.7	566	310	118	37
2013.7	566	311	118	37
2013.7	567	311	118	37
2013.7	568	311	118	37
2013.7	569	311	118	37
2013.7	570	311	118	37
2013.7	571	311	118	37
2013.7	572	311	118	37
2013.7	573	311	118	37
2013.7	574	311	118	37
2013.7	575	311	118	37
2013.7	576	311	118	37
2013.7	576	312	118	37
2013.7	576	313	118	37
2013.8	577	313	118	37
2013.8	577	314	118	37
2013.8	578	314	118	37
2013.8	579	314	118	37
2013.8	580	314	118	37
2013.8	580	315	118	37
2013.8	581	315	118	37
2013.8	582	315	118	37
2013.8	583	315	118	37
2013.8	584	315	118	37
2013.8	585	315	118	37
2013.8	586	315	118	37
2013.8	587	315	118	37
2013.9	588	315	118	37
2013.9	589	315	118	37
2013.9	590	315	118	37
2013.9	591	315	118	37
2014.0	592	315	118	37
2014.0	593	315	118	37
2014.0	594	315	118	37
2014.0	595	315	118	37
2014.0	596	315	118	37
2014.0	596	316	118	37
2014.0	597	316	118	37
2014.0	598	316	118	37
2014.0	599	316	118	37
2014.0	600	316	118	37
2014.0	601	316	118	37
2014.1	602	316	118	37
2014.1	602	317	118	37
2014.1	603	317	118	37
2014.1	604	317	118	37
2014.1	605	317	118	37
2014.1	606	317	118	37
2014.1	607	317	118	37
2014.1	608	317	118	37
2014.1	608	318	118	37
2014.1	609	318	118	37
2014.2	609	319	118	37
2014.2	610	319	118	37
2014.2	611	319	118	37
2014.3	612	319	118	37
2014.3	612	320	118	37
2014.3	612	321	118	37
2014.3	613	321	118	37
2014.3	614	321	118	37
2014.3	615	321	118	37
2014.3	616	321	118	37
2014.3	617	321	118	37
2014.4	618	321	118	37
2014.4	619	321	118	37
2014.4	619	322	118	37
2014.4	619	323	118	37
2014.4	620	323	118	37
2014.4	621	323	118	37
2014.4	622	323	118	37
2014.4	623	323	118	37
2014.4	624	323	118	37
2014.4	625	323	118	37
2014.4	626	323	118	37
2014.4	627	323	118	37
2014.5	628	323	118	37
2014.5	629	323	118	37
2014.5	629	324	118	37
2014.5	630	324	118	37
2014.5	630	325	118	37
2014.5	631	325	118	37
2014.5	632	325	118	37
2014.5	632	326	118	37
2014.5	633	326	118	37
2014.5	634	326	118	37
2014.6	635	326	118	37
2014.6	636	326	118	37
2014.6	637	326	118	37
2014.6	638	326	118	37
2014.6	639	326	118	37
2014.6	640	326	118	37
2014.6	641	326	118	37
2014.6	642	326	118	37
2014.6	643	326	118	37
2014.7	644	326	118	37
2014.7	645	326	118	37
2014.7	646	326	118	37
2014.7	647	326	118	37
2014.7	648	326	118	37
2014.7	649	326	118	37
2014.7	650	326	118	37
2014.7	650	327	118	37
2014.7	651	327	118	37
2014.7	652	327	118	37
2014.7	653	327	118	37
2014.7	654	327	118	37
2014.7	655	327	118	37
2014.8	656	327	118	37
2014.8	657	327	118	37
2014.8	658	327	118	37
2014.8	659	327	118	37
2014.8	660	327	118	37
2014.8	661	327	118	37
2014.8	662	327	118	37
2014.8	663	327	118	37
2014.8	664	327	118	37
2014.8	665	327	118	37
2014.9	666	327	118	37
2014.9	667	327	118	37
2014.9	668	327	118	37
2014.9	669	327	118	37
2014.9	670	327	118	37
2014.9	671	327	118	37
2014.9	672	327	118	37
2015.0	673	327	118	37
2015.0	674	327	118	37
2015.0	675	327	118	37
2015.0	676	327	118	37
2015.0	677	327	118	37
2015.0	678	327	118	37
2015.0	679	327	118	37
2015.0	680	327	118	37
2015.0	681	327	118	37
2015.0	682	327	118	37
2015.1	683	327	118	37
2015.1	684	327	118	37
2015.1	685	327	118	37
2015.1	686	327	118	37
2015.1	687	327	118	37
2015.1	688	327	118	37
2015.1	688	328	118	37
2015.1	689	328	118	37
2015.1	690	328	118	37
2015.2	691	328	118	37
2015.2	692	328	118	37
2015.2	692	329	118	37
2015.2	692	330	118	37
2015.2	693	330	118	37
2015.2	694	330	118	37
2015.2	694	331	118	37
2015.2	694	332	118	37
2015.3	694	333	118	37
2015.3	695	333	118	37
2015.3	696	333	118	37
2015.3	697	333	118	37
2015.3	698	333	118	37
2015.3	699	333	118	37
2015.3	699	333	119	37
2015.4	700	333	119	37
2015.4	701	333	119	37
2015.4	702	333	119	37
2015.4	703	333	119	37
2015.4	704	333	119	37
2015.4	705	333	119	37
2015.4	706	333	119	37
2015.4	707	333	119	37
2015.4	708	333	119	37
2015.4	709	333	119	37
2015.4	710	333	119	37
2015.5	711	333	119	37
2015.5	712	333	119	37
2015.5	713	333	119	37
2015.5	714	333	119	37
2015.5	715	333	119	37
2015.5	716	333	119	37
2015.5	717	333	119	37
2015.5	718	333	119	37
2015.6	719	333	119	37
2015.6	720	333	119	37
2015.6	721	333	119	37
2015.6	722	333	119	37
2015.6	723	333	119	37
2015.6	724	333	119	37
2015.6	724	333	120	37
2015.6	725	333	120	37
2015.6	726	333	120	37
2015.6	727	333	120	37
2015.6	728	333	120	37
2015.6	729	333	120	37
2015.6	730	333	120	37
2015.7	730	334	120	37
2015.7	730	335	120	37
2015.7	730	336	120	37
2015.7	731	336	120	37
2015.7	732	336	120	37
2015.7	733	336	120	37
2015.8	734	336	120	37
2015.8	735	336	120	37
2015.8	736	336	120	37
2015.8	737	336	120	37
2015.8	737	337	120	37
2015.8	737	338	120	37
2015.8	738	338	120	37
2015.8	739	338	120	37
2015.8	740	338	120	37
2015.8	740	339	120	37
2015.8	741	339	120	37
2015.8	742	339	120	37
2015.9	743	339	120	37
2015.9	744	339	120	37
2016.0	745	339	120	37