49	33	7.4
54.65	39.82	7.4
59.02	34.04	7.4
57.43	33.39	7.4
49.35	36.99	7.4
54.798	39.526	7.332
57.65	37.86	7.3
59.73	33.96	7.3
49.81	35.71	7.2
43.9	39.1	7.2
44.65	38.15	7.1
58.44	37.79	7.1
63.47	40.38	7.1
52.7	36.14	7
63.35	40.32	7
59.82	33.88	7
48.6	40.7	6.9
42.7	41.1	6.8
58.66	33.42	6.8
49.932	40.202	6.8
47.67	34.35	6.7
42.2	40.4	6.7
44.16	40.96	6.7
55.94	37.85	6.6
48.99	38.05	6.6
57.29	37.74	6.6
41.94	39.96	6.5
46	39.2	6.5
55.08	35.4	6.5
51.56	40.37	6.5
51.57	40.36	6.5
49.02	35.597	6.5
51.566	36.259	6.402
59.77	36.94	6.4
50.5	41	6.4
58.51	35.91	6.4
59.23	33.86	6.4
57.1	34.5	6.3
56.5	37.97	6.3
53.64	34.72	6.3
53.61	36.59	6.3
58.12	36.33	6.3
49.8	32.26	6.3
54.58	37.4	6.212
60	35	6.2
42.5	39.1	6.2
46	38	6.2
56	32	6.2
42.2	38.5	6.2
44.1	42	6.2
56.02	32.1	6.2
45.04	38.23	6.2
46.8	41.9	6.2
50.44	40.81	6.2
49.78	41.06	6.2
50.65	34.59	6.2
44.67	36.01	6.2
54.9	36.9	6.2
46.87	38.55	6.137
48.91	33.65	6.111
42.7	40.5	6.1
44	38	6.1
46.97	32.39	6.1
49.6	32.06	6.1
43.22	40.09	6.1
49.02	32.6	6.1
57.34	38.36	6.1
43.8	41.7	6.1
43.39	39.07	6.1
58.92	33.47	6.1
48.8	33.37	6.1
48.08	32.62	6.1
49.65	32.14	6.1
48.05	38.08	6.1
47.72	32.65	6.01
43.06	40.28	6
42	40.5	6
48.4	41.5	6
59.11	35.19	6
48.5	38.59	6
43.41	41.33	6
57.31	34.58	6
53.21	35.91	6
60.45	33.67	6
60.7	34.5	6
45.25	40.5	6
44.11	39.9	6
47.8	34.37	6
48.51	38.72	6
57.382	38.139	5.938
54.49	35.46	5.909
58	34	5.9
49	39	5.9
48.3	41.8	5.9
57.88	37.18	5.9
44.01	36.19	5.9
46.6	39.3	5.9
49.01	40.66	5.9
43.1	39.6	5.9
42.55	35.91	5.9
55.63	36.58	5.9
52.95	35.83	5.9
46.77	41.18	5.876
59.23	35.2	5.808
48.8	41.8	5.8
47.65	36.58	5.8
57.85	37.74	5.8
43.7	41.4	5.8
44.6	41.5	5.8
41.8	34.5	5.8
47.8	39	5.8
43.74	40.9	5.8
44.68	40.61	5.8
43.85	38.68	5.8
45.87	33.12	5.8
44.3	38.57	5.8
46.84	33.5	5.8
45.97	35.76	5.8
57.73	37.49	5.8
41.67	39.95	5.8
57.31	37.56	5.8
41.57	39.21	5.8
41.53	38.49	5.8
48.49	33.54	5.8
44.14	41.08	5.8
58.14	35.56	5.8
43.75	41.43	5.8
59.98	32.46	5.8
52.92	40.28	5.707
45.48	34.35	5.707
48.7	41.8	5.7
45	36	5.7
42.2	39.6	5.7
45	40.7	5.7
47.75	33.75	5.7
58.19	38.1	5.7
43.86	41.2	5.7
48.8	32.34	5.7
58.86	33.23	5.7
45.63	34.05	5.7
45.21	37.11	5.7
48.58	32.59	5.7
50.84	34.52	5.606
47.36	32.36	5.606
48.84	40.36	5.606
47.626	41.061	5.606
46.5	33.5	5.6
44.3	41.4	5.6
52.08	35.86	5.6
44.57	37.21	5.6
47	33	5.6
48	34	5.6
43.5	41	5.6
56.97	33.9	5.6
52.55	32.19	5.6
46.4	33.2	5.6
54.5	36.7	5.6
43.3	39	5.6
43.3	38.47	5.6
59.26	32.55	5.6
49.44	36.59	5.6
50.26	37.33	5.6
48.32	40.92	5.6
45.5	36.5	5.6
47.51	32.8	5.6
58.76	35.19	5.6
57.9	37.12	5.6
48.92	32.66	5.6
44.12	41.42	5.6
41.9	39.23	5.6
52.28	36.06	5.6
49.18	36.95	5.6
59.32	37.1	5.6
59.15	32.68	5.6
47.77	32.6	5.6
48.37	32.56	5.6
53.38	40.23	5.6
45.17	41.77	5.6
46.25	33.21	5.6
47.46	40.76	5.6
42.953	38.407	5.6
49.328	32.076	5.6
51.55	40.3	5.505
47.4	40.2	5.5
42.8	40.9	5.5
48	39.3	5.5
42.23	38.38	5.5
48.6	39.1	5.5
43.1	37.7	5.5
44.4	40.8	5.5
41.8	34.5	5.5
48.6	40.9	5.5
59.43	36.52	5.5
43.7	32.5	5.5
48.7	41.4	5.5
47.8	39.3	5.5
44	39.7	5.5
46.6	41.5	5.5
44.2	38.4	5.5
48	41.9	5.5
46.19	33.63	5.5
44.49	37.37	5.5
51.16	36.38	5.5
48.51	39.85	5.5
41.85	41.87	5.5
60.42	33.17	5.5
48.46	34.11	5.5
47.23	33.54	5.5
48.6	41.6	5.5
49.16	32.72	5.5
48.18	41.71	5.5
58.5	37.6	5.5
44.23	39.24	5.5
45.13	36.77	5.5
46.25	32.98	5.5
49	41.89	5.5
52.06	34.91	5.5
46.55	41.97	5.5
50.35	37.36	5.5
48.72	38.92	5.5
43.07	38.5	5.5
48.21	32.83	5.5
44.06	36.6	5.5
46.13	40.37	5.5
51.88	39.59	5.5
59.96	32.33	5.5
42.36	40.41	5.5
61.21	35.73	5.5
52.88	39.945	5.441
48.76	36.59	5.404
58.86	36.3	5.404
47.61	32.81	5.404
59.56	33.47	5.404
44.87	38.45	5.4
50.48	36.39	5.4
48	39.5	5.4
47.1	41.1	5.4
44.5	41.5	5.4
44.3	41.2	5.4
42.5	39.1	5.4
46.5	41.2	5.4
48.1	40	5.4
42.2	40.9	5.4
48	35.5	5.4
57.8	37.1	5.4
48.35	32.35	5.4
48.3	40.5	5.4
44	38.67	5.4
43.1	39.6	5.4
50	41	5.4
44.17	39.03	5.4
43	39.7	5.4
42.2	39.9	5.4
59	37.2	5.4
57.03	37.53	5.4
42.5	39.1	5.4
51.4	41.5	5.4
48.1	41	5.4
58.5	34	5.4
57.1	35.45	5.4
59.52	34.37	5.4
44.38	35.93	5.4
59.76	36.82	5.4
41.6	39.2	5.4
48.28	32.86	5.4
50.16	35.09	5.4
49.03	37.54	5.4
44.77	38.59	5.4
52.81	36.27	5.4
57.92	35.48	5.4
55.95	37.65	5.4
54.88	33.27	5.4
47.94	33.19	5.4
48.41	39.93	5.4
49.77	32.62	5.4
56.87	35.14	5.4
45.9	41.8	5.4
45.92	35.01	5.4
48.17	40.89	5.4
53.98	39.4	5.4
47.08	32.74	5.4
42.59	35.48	5.4
56.97	35.68	5.4
48.74	38.97	5.4
47.27	33.3	5.4
42.22	40.9	5.4
54.41	37.34	5.4
46.636	32.984	5.4
53.861	39.799	5.4
47.401	34.602	5.4
60.763	35.413	5.354
46.81	41.79	5.303
59.86	34.56	5.303
41.5	38.7	5.3
61.49	34.59	5.3
48.5	40.3	5.3
48	40	5.3
48.6	40	5.3
48.5	41	5.3
54.31	36.94	5.3
48.5	38	5.3
46.5	40.3	5.3
46.4	40.2	5.3
49.5	41.4	5.3
44.73	36.22	5.3
42.73	40.48	5.3
43.9	41.1	5.3
48	40.8	5.3
56.47	34.61	5.3
49.3	39.6	5.3
43.31	37.8	5.3
44.47	36.75	5.3
49.2	41	5.3
49.6	39.1	5.3
47.4	41.2	5.3
58.38	36.64	5.3
49.2	33.2	5.3
57.22	38.67	5.3
57.54	35.24	5.3
48.78	32.68	5.3
59.6	37.32	5.3
54.95	36.71	5.3
48.76	32.61	5.3
48.37	40.09	5.3
48.4	41.14	5.3
46.84	32.87	5.3
48.45	40.74	5.3
57.48	33.41	5.3
56.58	37.35	5.3
43.22	40.55	5.3
43.1	38.6	5.3
55.33	37.06	5.3
46.47	33.39	5.3
48.57	32.76	5.3
49.26	40.78	5.3
51.84	40.79	5.3
45.95	38.5	5.3
44.12	39.11	5.3
52.34	35.31	5.3
54.25	37.28	5.3
49.12	41.62	5.3
52.72	36.34	5.3
49.44	41.84	5.3
58.6	35.09	5.3
54.89	36.92	5.3
58.213	35.237	5.3
45.954	33.34	5.3
44.155	36.832	5.278
42.295	39.9	5.212
54.423	37.36	5.212
58.2	33.13	5.202
49.15	32.11	5.202
52.83	36.37	5.202
48.6	40.71	5.202
58.33	35.3	5.202
56.916	38.422	5.202
41.5	38.7	5.2
43.7	41.6	5.2
45.8	38.8	5.2
44.1	40.1	5.2
46.4	40.1	5.2
44.5	41.3	5.2
44	36.2	5.2
43	38	5.2
42.81	39.67	5.2
47.5	40.5	5.2
46.5	41.7	5.2
60.05	35.21	5.2
44.3	41.3	5.2
46	41.5	5.2
47.3	37.8	5.2
48.17	38.14	5.2
46.7	40.5	5.2
43.1	41.9	5.2
42	38	5.2
58.02	38.64	5.2
45.9	40.4	5.2
49.5	41	5.2
43.1	41.3	5.2
57.51	38.99	5.2
59.35	34.92	5.2
47.6	39.5	5.2
43	42	5.2
44.12	39.5	5.2
58.75	35.22	5.2
46.2	41.7	5.2
56.8	35.6	5.2
44.5	41.8	5.2
49.2	41.8	5.2
44.1	41.4	5.2
43.9	41.4	5.2
45.9	41.6	5.2
48.94	37.67	5.2
48.78	33.04	5.2
47.5	39.5	5.2
51	38.31	5.2
55	36.5	5.2
55.34	36.8	5.2
48.52	39.9	5.2
47.09	37.66	5.2
44.27	41.03	5.2
43.13	37.01	5.2
46.1	39.09	5.2
43.55	41.32	5.2
47.86	33.24	5.2
54.96	33.39	5.2
55.44	38.57	5.2
43.3	38.54	5.2
54.7	37.06	5.2
43.5	41.81	5.2
46.91	35.02	5.2
43.46	36.36	5.2
54.58	32.04	5.2
55.1	32.85	5.2
47.95	33.26	5.2
45.66	35.26	5.2
46.6	33.69	5.2
51.09	40.33	5.2
48.21	33.72	5.2
46.11	41.18	5.2
45.96	34.33	5.2
47.54	32.71	5.2
56.97	33.74	5.2
48.26	34.02	5.2
57.7	37.21	5.2
45.3	36.96	5.2
45.67	41.67	5.2
45.2	38.5	5.2
47.63	33.32	5.2
48.49	39.77	5.2
42.85	40.07	5.2
59.91	37.48	5.2
60.08	32.08	5.2
41.57	37.84	5.2
49.47	37.02	5.2
45.6	38.8	5.2
45.35	38.3	5.2
51.64	40.32	5.2
45.13	35.25	5.2
48.221	40.03	5.2
48.022	32.551	5.2
55.971	32.046	5.2
49.753	36.519	5.2
49.258	32.028	5.18
45.793	34.357	5.146
45.77	33.58	5.101
43.35	37.73	5.101
53.04	34.71	5.101
44.15	34.87	5.101
46.9	32.96	5.101
47.8	40.5	5.1
46.4	40.7	5.1
46.4	42	5.1
48	41.6	5.1
46.3	40.7	5.1
47.5	40.3	5.1
46.8	40.8	5.1
45.5	39.5	5.1
48.8	41.5	5.1
47.5	41.7	5.1
60	37.5	5.1
49	32	5.1
48.4	39.1	5.1
48.7	39.9	5.1
48.5	41	5.1
44.4	41	5.1
46.6	40.6	5.1
43.53	40.21	5.1
42.83	38.22	5.1
43	41	5.1
46.4	40.2	5.1
41.54	38.25	5.1
44.3	39.92	5.1
57.52	37.58	5.1
44	41.1	5.1
57	37	5.1
45.3	41.2	5.1
49.1	41.9	5.1
44	38.4	5.1
58.6	35.3	5.1
43.6	38.5	5.1
46.9	41.1	5.1
52	40	5.1
47.6	41.3	5.1
55.98	37.24	5.1
45.5	41.3	5.1
49.5	38	5.1
45.1	38.3	5.1
51.2	40	5.1
44.78	39.32	5.1
59.5	35.5	5.1
58.9	35.24	5.1
44.9	38.3	5.1
46.7	41.1	5.1
57.46	37.53	5.1
49.6	40.7	5.1
48.7	40.1	5.1
49	39.2	5.1
58.06	34.51	5.1
57.03	37.93	5.1
53.44	35.8	5.1
42.52	38.14	5.1
46.18	34.34	5.1
47.59	34.59	5.1
53.89	36	5.1
46.49	41.93	5.1
46.79	33.77	5.1
48.29	40.94	5.1
49.78	40.97	5.1
49.55	41.7	5.1
50.7	41.9	5.1
47.34	33.94	5.1
59.49	36.96	5.1
44	41.31	5.1
46.28	34.09	5.1
43.36	38.23	5.1
49.1	33.34	5.1
44.82	35.44	5.1
49.39	32.56	5.1
43.3	38.6	5.1
48.68	32.54	5.1
47.52	32.58	5.1
48.79	39.13	5.1
47.98	40.86	5.1
45.3	38.5	5.1
55.29	36.92	5.1
46.07	33.51	5.1
50.4	40.52	5.1
50.85	41.39	5.1
54.94	36.61	5.1
57.55	37.27	5.1
44.37	35.85	5.1
49.11	37.9	5.1
43.37	40	5.1
46.9	34.98	5.1
58.41	37.74	5.1
45.7	36.04	5.1
44.01	36.8	5.1
54.4	37.28	5.1
41.5	40.35	5.1
48.99	32.27	5.1
45.15	35.57	5.1
50.97	39.67	5.1
46.79	32.78	5.1
56.27	37.06	5.1
44.05	38.81	5.1
43.43	41.07	5.1
42.59	37.17	5.1
46.26	41.44	5.1
43.95	35.93	5.1
55.22	36.95	5.1
45.52	38.67	5.1
46.57	41.73	5.1
46	41.7	5.1
47.4	39.22	5.1
43.47	38.6	5.1
42.73	38.36	5.1
60.269	32.917	5.093
45.726	33.705	5.093
52.662	36.261	5.014
44.142	37.297	5.014
51.635	40.242	5.006
41.95	39.74	5.006
51.992	36.422	5.006
48.019	34.243	5.006
61.205	35.777	5.006
44.598	38.606	5.006
60.104	33.237	5.006
56.868	37.16	5.006
45.838	33.531	5.006
44.992	39.883	5.006
46.4	40.6	5
45.6	41.8	5
48.8	40.7	5
44.4	41.5	5
44	41.2	5
50	40.2	5
58	39.5	5
43.5	41.4	5
62.5	36.8	5
45.1	40.9	5
43.8	41.1	5
43.5	41.5	5
48.5	40.5	5
41.6	41	5
43.5	40.5	5
46.5	41.7	5
54	39.8	5
45	40.7	5
43.3	39	5
59	35.5	5
43.3	38.5	5
43.1	40.6	5
43	39	5
54.41	36.83	5
43	39	5
57.27	34.9	5
50.3	38.5	5
49.38	38.86	5
42.5	39.5	5
43	38.5	5
44.19	38.74	5
49.3	41.1	5
45.95	35.03	5
45.51	35.45	5
51.95	40.03	5
44.6	35.44	5
48.8	39.5	5
55.54	32.32	5
50.97	39.84	5
43.61	41.51	5
54.43	32.09	5
50.74	36.1	5
58.53	37.81	5
47.8	38.2	5
43.9	41.37	5
43.97	35.9	5
42.2	40.8	5
42.85	38.15	5
49.6	32.01	5
42.61	38.97	5
50.22	40.21	5
50.76	35.13	5
42.3	40.4	5
42	39.7	5
52.77	36.51	5
48.81	37.6	5
49.38	32.03	5
48.26	32.62	5
46.92	33.3	5
48.1	41.7	5
49.04	32.51	5
42	40.68	5
49.04	40.35	5
50.98	41.47	5
59.04	36.42	5
45.02	40.04	5
56.27	38.02	5
51.87	40.06	5
60.23	33.14	5
57.51	38.31	5
56.26	36.86	5
45.91	38.4	5
46.07	40.31	5
49.59	33	5
45.74	34.34	5
45.19	36.62	5
43.72	39.4	5
43.94	41.32	5
55.81	32.04	5
48.88	33.62	5
42.61	37.19	5
43.78	41.45	5
46.81	32.57	5
47.14	34.01	5
59.18	35.27	5
44.43	35.34	5
50.85	36.85	5
43.18	37.94	5
58.34	36.56	5
41.8	39.83	5
41.8	39.83	5
50.71	40.63	5
43.43	38.48	5
41.83	39.14	5
47.01	32.39	5
46.68	32.63	5
45.15	38.4	5
41.83	39.14	5
48.98	40.61	5
49.61	41.03	5
43.46	39.18	5
42.95	37.95	5
57.3	34.43	5
43.05	38.05	5
49.73	32.02	5
48.32	32.88	5
54.57	34.37	5
56.26	37.27	5
45.42	38.4	5
45.38	38.4	5
48.79	32.45	5
54.33	33.45	5
57.07	33.71	5
54.56	35.91	5
43.65	39.25	5
56.36	32.94	5
46.21	34.26	5
45.2	36.65	5
46.4	38.7	5
45.17	38.43	5
59.96	32.08	5
42.17	40.25	5
47.82	38.01	5
42.67	40.57	5
45.73	33.53	5
56.96	38.3	5
42.32	39.72	5
46.65	41.83	5
46.46	34.28	5
45.55	40.4	5
42	40.25	5
60.19	33.24	5
42.48	38.77	5
49.45	40.93	5
48.18	34.23	5
42.13	39.42	5
42.61	38.74	5
44.74	38.28	5
43.9	41.45	5
48.88	37.5	5
59.2	33.3	5
57.02	37.8	5
47.19	32.73	5
46.85	32.42	5
56.52	32.68	5
52.71	40.33	5
45.93	33.78	5
44.175	37.288	4.919
48.199	32.846	4.919
44.857	41.767	4.919
46.06	33.94	4.919
52.33	35.89	4.919
45.214	36.667	4.919
47.323	41.04	4.919
63.334	40.486	4.919
51.446	40.295	4.919
50.503	35.174	4.919
57.332	34.736	4.919
46.8	41.7	4.9
46	40.5	4.9
47.8	39.4	4.9
46.6	41.7	4.9
46	38.7	4.9
45.4	39.2	4.9
48.1	41.6	4.9
48.9	38.5	4.9
45.4	38.4	4.9
44.5	40.5	4.9
50	40.2	4.9
47.5	40.4	4.9
43.4	41.4	4.9
44	35	4.9
58.73	38.04	4.9
49	38.7	4.9
43.6	41.2	4.9
43.1	41.3	4.9
49.6	39.8	4.9
43.8	41.2	4.9
43.2	35.6	4.9
44.79	37.39	4.9
46.3	40.7	4.9
48.7	41.9	4.9
43.7	41	4.9
45.2	40.6	4.9
42.5	36.5	4.9
46.2	39.4	4.9
47.8	41.2	4.9
45.7	40.2	4.9
43.7	38.4	4.9
45.2	41	4.9
48.3	39.2	4.9
52.4	35.18	4.9
44.3	41.5	4.9
41.5	38.5	4.9
46.8	40.9	4.9
42.48	37.07	4.9
43.7	41.3	4.9
44.09	38.91	4.9
48.3	40.7	4.9
43.97	41.24	4.9
49.1	41.8	4.9
41.5	39	4.9
47.8	39.8	4.9
45.8	38.7	4.9
48.5	39	4.9
42.5	41.1	4.9
45.84	38.63	4.9
47.9	41.8	4.9
59.5	32.5	4.9
48.1	39.1	4.9
42.3	39.63	4.9
47.9	34.3	4.9
45.8	42	4.9
45.9	41	4.9
49.1	41.5	4.9
57.97	37	4.9
43.11	39.83	4.9
45.4	38.7	4.9
46.9	40.1	4.9
48.3	42	4.9
58.85	36.3	4.9
54.57	36.8	4.9
51.04	37.1	4.9
55.61	38.99	4.9
52.38	39.65	4.9
43.19	39.13	4.9
59.2	33.6	4.9
55.03	36.4	4.9
48.7	37.9	4.9
50.39	32.24	4.9
48.4	32.9	4.9
44.43	33.75	4.9
46.4	35.2	4.9
45.2	41.7	4.9
49.24	35.56	4.9
44.15	38.56	4.9
53.53	35.81	4.9
53.35	36.61	4.9
48.8	40.2	4.9
45.93	41.89	4.9
41.5	39.1	4.9
49.33	36.85	4.9
44.91	41.62	4.9
54.48	36.75	4.9
49.33	33.01	4.9
48.98	37.01	4.9
48.61	38.81	4.9
48.73	40.61	4.9
49	32.1	4.9
57.26	38.37	4.9
48.92	41.3	4.9
57.75	36.98	4.9
54.59	37.33	4.9
50.38	34.65	4.9
49.04	37.96	4.9
47.13	33.96	4.9
51.37	39.93	4.9
51.87	40.15	4.9
47.4	41.21	4.9
48	32.81	4.9
51.11	36.53	4.9
42.81	37.94	4.9
49.9	32.67	4.9
52.92	36.22	4.9
51.2	41.4	4.9
57.04	33.65	4.9
53.15	36	4.9
56.03	37.87	4.9
50.34	40.31	4.9
50.27	35.61	4.9
47.35	41.42	4.9
47.01	33.72	4.9
57.13	34.6	4.9
55.85	38.91	4.9
60.08	36.7	4.9
55.97	36.99	4.9
49.99	41.59	4.9
47.68	41.93	4.9
43.97	41.34	4.9
48.71	33.08	4.9
54.89	33.1	4.9
61.94	34.72	4.9
54.46	37.18	4.9
49.38	41.37	4.9
48.62	33.02	4.9
59.05	33.83	4.9
52.45	34.86	4.9
47.23	38.19	4.9
42.8	40.9	4.9
46.07	34.8	4.9
56.61	37.21	4.9
45.9	38.79	4.9
49.81	32.62	4.9
51.2	41.39	4.9
44.85	38.47	4.9
49.37	32.12	4.9
54.88	33.18	4.9
47.93	40.86	4.9
45.95	41.71	4.9
42.26	40.07	4.9
47.85	40.24	4.9
44.66	38.86	4.9
57.37	33.27	4.9
43.64	37.16	4.9
48.7	38.98	4.9
58.43	34.19	4.9
43.01	36.26	4.9
44.7	36.35	4.9
56.92	38.34	4.9
45.14	38.41	4.9
43.31	39.01	4.9
45.2	38.6	4.9
45.99	35.89	4.9
56.65	37.51	4.9
47.83	32.26	4.9
48.92	33.48	4.9
52.67	35.56	4.9
48.43	37.99	4.9
56.55	38.29	4.9
54.4	34.38	4.9
45.27	36.95	4.9
43.43	38.48	4.9
47.82	39.55	4.9
45.61	35.87	4.9
49.56	40.1	4.9
51.9	41	4.9
47.64	32.78	4.9
47.91	32.89	4.9
57.12	33.37	4.9
47.09	33.59	4.9
43.92	41.1	4.9
55.95	35.3	4.9
45.13	39.81	4.9
48.79	41.04	4.9
50.44	37.31	4.9
44.27	32.65	4.9
46.91	33.74	4.9
48.15	38.16	4.9
49.39	41.1	4.9
42.42	40.72	4.9
50.01	32.48	4.9
49.04	32.15	4.9
57.34	33.05	4.9
58.7	37.12	4.9
51.86	40.82	4.9
43.7	38.5	4.9
48.75	40	4.9
55.67	37.11	4.9
56.45	37.53	4.9
45.28	40.08	4.9
48.4	39.17	4.9
46.43	32.91	4.9
56.88	33.79	4.9
56.59	38.43	4.9
52.1	35.17	4.9
53.56	35.18	4.9
48.18	40.83	4.9
49.57	32.62	4.9
59.74	33.4	4.9
59.16	35.21	4.9
43.7	36.7	4.9
57.5	37.47	4.9
45.85	38.23	4.9
49.43	41.29	4.9
45.39	36.32	4.9
50.3	41.2	4.9
48.04	33.23	4.9
54.34	37.31	4.9
48.26	38.25	4.9
47.9	34.11	4.9
45.27	34.64	4.9
49.41	36.93	4.9
49.3	38.2	4.9
45.25	38.45	4.9
48.54	39.85	4.9
49.43	38.49	4.9
48.93	38.92	4.9
50.6	40.72	4.9
49.48	32.17	4.9
58.38	35.61	4.9
46.99	32.86	4.9
44.3	38.2	4.9
42.77	36.95	4.9
52.14	36.38	4.9
42.02	40.06	4.9
45.28	38.41	4.9
48.45	33.82	4.9
53.55	36.49	4.9
46.7	38.7	4.9
54.366	36.706	4.9
48.71	38.87	4.899
51.9	40.54	4.899
45.92	38.99	4.899
46.94	34.96	4.899
48.48	32.55	4.899
58.87	32.92	4.899
49.48	41.7	4.899
49.96	32.45	4.899
56.23	38.54	4.899
44.524	37.364	4.882
47.168	41.967	4.832
49.653	41.069	4.832
52.85	39.37	4.832
47.283	39.095	4.832
47.314	41.471	4.832
43.261	38.557	4.832
45.495	33.979	4.832
46.042	34.803	4.832
49.463	33.024	4.832
51.953	40.698	4.832
54.921	34.61	4.832
52.467	40.556	4.832
42.682	37.42	4.832
54.697	39.923	4.832
48.154	32.62	4.832
46.735	34.01	4.832
46.779	32.971	4.816
48	41	4.8
44.4	41.2	4.8
44.1	41.6	4.8
45.2	41.6	4.8
44	35	4.8
44	39.7	4.8
48.4	35.5	4.8
49	36.5	4.8
55	37.5	4.8
44	37	4.8
46	35	4.8
45.6	42	4.8
43.9	41.4	4.8
42	39	4.8
44.33	41.3	4.8
45.9	41.8	4.8
44.4	40.1	4.8
43.8	41.3	4.8
42.28	38.73	4.8
42.5	39.17	4.8
45.27	40.5	4.8
43.7	41.4	4.8
48.3	37.9	4.8
57.2	38.5	4.8
62	35	4.8
60	35.7	4.8
57	36	4.8
56.5	37.5	4.8
57	38	4.8
44.3	39	4.8
57.7	36.7	4.8
57.6	37.6	4.8
57.5	38.9	4.8
58.4	35.2	4.8
58	37	4.8
43.6	38.5	4.8
41.9	38.7	4.8
47.9	40.4	4.8
45.9	41.7	4.8
43.9	41.8	4.8
42.6	41.9	4.8
57.5	36	4.8
58.5	36.5	4.8
48.6	40.7	4.8
56	36	4.8
58.8	37.1	4.8
43.9	38.5	4.8
59.8	35.9	4.8
56.8	36.7	4.8
56.4	37	4.8
57.2	37.2	4.8
56.6	37.7	4.8
57.4	37.9	4.8
58	37.9	4.8
57.4	38.3	4.8
51.42	36.61	4.8
44.7	38.3	4.8
49.6	40.7	4.8
44.4	36.9	4.8
47.94	34.07	4.8
55.21	37.05	4.8
56.56	37.79	4.8
47.7	38.5	4.8
48.4	38.8	4.8
51.54	33.59	4.8
59.85	35.85	4.8
42.1	39	4.8
48	39.2	4.8
48.7	40.1	4.8
42.4	41.2	4.8
47.3	41.2	4.8
44.26	41.42	4.8
47.92	32.66	4.8
57.03	38.2	4.8
45.8	41.2	4.8
45.95	34.34	4.8
49.4	32.2	4.8
57	37	4.8
48.32	40.45	4.8
44.02	41.25	4.8
49.4	32.68	4.8
46.11	34.92	4.8
44.5	40.9	4.8
51.9	35.4	4.8
43.3	40.29	4.8
43.96	41.33	4.8
48.72	32.57	4.8
49.25	33.16	4.8
53.85	36.72	4.8
49.1	37.45	4.8
42	39.7	4.8
44.92	41.32	4.8
56.26	32.38	4.8
48.64	32.43	4.8
43.3	39.6	4.8
47	41.2	4.8
49.5	42	4.8
44.99	36.78	4.8
44	41.3	4.8
45.47	38.43	4.8
44	38.79	4.8
44.2	39.29	4.8
43.33	40.43	4.8
42.1	40.5	4.8
43.74	41.37	4.8
47.7	38.1	4.8
44.04	41.26	4.8
46.01	41.72	4.8
49.53	32.96	4.8
46.5	38.4	4.8
49.52	38.46	4.8
46.3	40.29	4.8
45.8	38.4	4.8
43.69	39.85	4.8
42.11	40.77	4.8
43.93	41.87	4.8
58.14	36.38	4.8
45.3	41.3	4.8
41.68	40.48	4.8
46.04	32.84	4.8
59.9	37.14	4.8
48.43	40.94	4.8
42.37	40.11	4.8
42.65	40.35	4.8
57.47	37.47	4.8
48.9	38.71	4.8
41.51	39.33	4.8
43.85	39.9	4.8
58.58	35.66	4.8
41.98	40.16	4.8
50.61	40.36	4.8
49.14	41.95	4.8
43.5	39.3	4.8
43.37	41.99	4.8
52.31	35.08	4.8
54.09	35.48	4.8
51.26	40.34	4.8
49.62	40.8	4.8
42.95	41.05	4.8
44.01	41.19	4.8
44.29	41.91	4.8
44.2	38.81	4.8
42.06	39.84	4.8
46	40.18	4.8
46	38.1	4.8
45.77	39.17	4.8
45.37	34.34	4.8
44.5	39.6	4.8
49.1	39.65	4.8
48.02	41.51	4.8
48.9	38	4.8
46.62	39.18	4.8
47.93	41.09	4.8
47.18	41.13	4.8
46.27	39.51	4.8
49.22	41.43	4.8
50.25	34.41	4.8
46.33	34.55	4.8
42.1	40.2	4.8
57.55	34.62	4.8
46.28	35.04	4.8
42.21	36.61	4.8
43.46	38.7	4.8
45.93	41.89	4.8
46.82	33.97	4.8
45.3	40.29	4.8
45.98	41	4.8
45.25	41.15	4.8
41.78	39.23	4.8
47.02	40.63	4.8
45.36	34.38	4.8
54.83	36.74	4.8
44.83	38.3	4.8
44.38	39.07	4.8
48.53	38.87	4.8
47.3	41.17	4.8
47.86	41.3	4.8
44.53	38.2	4.8
42.71	37.74	4.8
48.3	39.5	4.8
44.87	38.22	4.8
43.62	40.82	4.8
44.6	38.38	4.8
44.03	41.1	4.8
45.37	38.73	4.8
44.05	41.32	4.8
44.42	38.83	4.8
56.9	33.18	4.8
46.04	33.81	4.8
48.7	36.52	4.8
48.77	36.96	4.8
49.12	39.62	4.8
49.94	40.99	4.8
46.43	38.39	4.8
50.83	40.22	4.8
45.72	38.25	4.8
51.9	40.4	4.8
50.65	40.85	4.8
42.19	39.72	4.8
47.98	33.34	4.798
60.92	32.19	4.798
48.81	33.86	4.798
47.8	37.35	4.798
45.85	35.6	4.798
51.75	40.3	4.798
55.96	32.18	4.798
57.46	33.34	4.798
48.63	34.07	4.798
58.51	35.51	4.798
54.39	39.59	4.798
59.92	32.2	4.798
53.69	36.19	4.798
45.35	38.43	4.798
46.59	32.851	4.798
43.771	39.14	4.798
46.479	40.4	4.75
51.944	40.668	4.745
48.07	41.57	4.745
45.229	35.695	4.745
51.704	40.294	4.745
48.632	38.818	4.745
45.24	38.398	4.745
43.616	36.836	4.745
42.466	40.8	4.745
52.859	35.628	4.745
57.288	38.232	4.745
57.301	37.702	4.745
49.015	32.538	4.745
54.051	39.774	4.745
46.1	41.1	4.7
46.3	38.9	4.7
44.6	40.8	4.7
43.4	41.4	4.7
46.7	41.6	4.7
45.5	40.5	4.7
44.4	41.2	4.7
49.6	39.7	4.7
60.6	38.2	4.7
53.5	40	4.7
48.3	38.5	4.7
48.7	39	4.7
46.2	41.7	4.7
46.3	41.8	4.7
49.1	38.7	4.7
45.4	41	4.7
43	40.5	4.7
59.8	32.6	4.7
44.6	35.5	4.7
44.9	41.2	4.7
44.6	35.3	4.7
44.6	35.3	4.7
46.1	41.1	4.7
44.4	40.4	4.7
51.8	41	4.7
48.3	39.3	4.7
49.6	41.3	4.7
45.1	38.4	4.7
45.8	40.4	4.7
47.6	40.9	4.7
50	40	4.7
48.1	38.9	4.7
50.6	40.2	4.7
48.5	40.9	4.7
48.4	38.5	4.7
44.6	38.8	4.7
50	40.6	4.7
47.2	40.7	4.7
48.6	40.7	4.7
47	40.8	4.7
48.6	41.5	4.7
44.7	39.6	4.7
55.2	37.1	4.7
49.2	41.7	4.7
48.8	32.4	4.7
48.97	39.16	4.7
49.49	40.39	4.7
47.8	41.2	4.7
46.17	34.29	4.7
41.58	39.94	4.7
42	39.8	4.7
42	39	4.7
49.3	39.63	4.7
45.7	38.6	4.7
41.5	41.9	4.7
49.4	40.1	4.7
49.09	32.6	4.7
48.29	40.84	4.7
53.42	33.46	4.7
58.38	37.85	4.7
50.65	41.58	4.7
43.98	41.37	4.7
44.9	38.4	4.7
44.9	38.9	4.7
43.96	38.42	4.7
44.13	38.76	4.7
60.06	32.31	4.7
58.21	33.66	4.7
50.7	37.08	4.7
43.9	40.79	4.7
44.8	38.6	4.7
48.47	33.06	4.7
56.46	37.47	4.7
54.52	37.52	4.7
44.3	38.7	4.7
56.6	32.13	4.7
48.48	40.87	4.7
43	40.8	4.7
54.82	33.65	4.7
49.53	41.23	4.7
45.9	38.5	4.7
44.4	40.2	4.7
44.07	39.9	4.7
50.17	40.84	4.7
45.9	41.78	4.7
43.2	39.1	4.7
42.64	38.45	4.7
46.3	40.9	4.7
53.96	33.14	4.7
49.1	40.79	4.7
44	41.23	4.7
43.9	38.9	4.7
47.2	40.4	4.7
45.34	33.89	4.7
44.66	35.31	4.7
51.1	41.15	4.7
49.26	41.18	4.7
43.33	41.94	4.7
47.74	34.6	4.7
52.12	35.18	4.7
44.6	38.4	4.7
46.5	34.44	4.7
55.36	37.16	4.7
49.76	40.48	4.7
45.29	37.03	4.7
42.88	37.62	4.7
50.22	32.39	4.7
48.08	32.99	4.7
47.52	33.04	4.7
49.47	33.39	4.7
44.92	36.2	4.7
43.87	38.98	4.7
46.37	41.75	4.7
43.71	35.99	4.7
49.68	40.83	4.7
44.15	38.59	4.7
47.27	40.72	4.7
50.04	40.14	4.7
43.52	39.09	4.7
51.67	40.45	4.7
46.6	34.1	4.7
46.17	34.26	4.7
46	35.43	4.7
46.3	41.87	4.7
47.55	32.68	4.7
47.18	33.1	4.7
44.03	40.22	4.7
60.14	33.31	4.7
53.36	35.37	4.7
46.77	41.82	4.7
47.1	33.8	4.7
50.66	39.62	4.7
44.4	39.79	4.7
50.04	32.05	4.7
49.84	40.45	4.7
43.45	41.03	4.7
43.62	41.52	4.7
51	36.51	4.7
55.49	38.94	4.7
47.83	40.52	4.7
44.35	38.85	4.7
42.94	40.21	4.7
45.19	41.76	4.7
48.53	32.58	4.7
45.33	38.7	4.7
42.58	38.9	4.7
45.6	38.07	4.7
46.3	40.5	4.7
47.77	32.66	4.7
48.27	34.04	4.7
56.86	35.68	4.7
60.35	36.55	4.7
54.08	36.78	4.7
44.1	39.23	4.7
41.96	39.84	4.7
42.17	40.17	4.7
44.9	40.21	4.7
44.75	41.31	4.7
47.11	40.24	4.7
55.33	32.3	4.7
43.49	37.63	4.7
45.83	38.48	4.7
43.99	39.34	4.7
42.5	39.1	4.7
45.5	40.31	4.7
48.16	32.27	4.7
47.19	33.36	4.7
46.79	33.59	4.7
45.64	35.92	4.7
54.64	36.15	4.7
43.99	38.06	4.7
43.42	39.02	4.7
55.99	32.5	4.697
52.87	40.13	4.697
53.16	39.97	4.697
48.52	37.45	4.697
48.46	40.66	4.697
48.52	34.01	4.697
51.8	40.57	4.697
49.24	33.4	4.697
56.89	36.52	4.697
54.81	36.56	4.697
49.02	32.46	4.697
55.53	38.67	4.697
49.41	33.26	4.697
53.26	34.86	4.697
47.59	32.98	4.697
48.69	32.67	4.697
45.46	33.81	4.697
49.11	38.21	4.697
57.727	37.064	4.697
54.352	37.322	4.697
56.128	32	4.697
50.2	41.8	4.658
45.889	41.234	4.658
56.497	36.412	4.658
56.149	37.11	4.658
59.679	36.511	4.658
54.77	38.68	4.658
48.352	41.983	4.658
63.161	40.238	4.658
51.637	38.847	4.658
44.614	35.391	4.658
48.98	37.576	4.658
49	41.38	4.658
47.051	33.268	4.658
63.125	40.253	4.658
59.703	32.804	4.658
43.89	41.39	4.658
57.159	34.757	4.658
50.127	40.179	4.658
47.62	32.748	4.658
48.764	40.429	4.658
45.338	34.013	4.658
46.309	35.383	4.658
55.045	36.745	4.658
63.237	40.269	4.658
42.884	39.705	4.618
45.6	41.8	4.6
44.2	41.6	4.6
44.8	41.2	4.6
43.7	41.4	4.6
45.3	41.3	4.6
46.22	41.28	4.6
43.3	41.7	4.6
45.92	41.97	4.6
43.98	41.28	4.6
46.05	39.14	4.6
44.2	41.89	4.6
56.6	36.7	4.6
44.3	38.4	4.6
46.05	41.58	4.6
46	40.4	4.6
43.95	41.43	4.6
45.73	41.95	4.6
48.1	33.8	4.6
53.7	36.7	4.6
60.22	33.64	4.6
51.8	40.73	4.6
43.5	39.6	4.6
43.4	38.69	4.6
46.4	34.8	4.6
44.6	38.9	4.6
43	41.1	4.6
44.14	38.58	4.6
45.65	36.11	4.6
43.84	41.27	4.6
44.5	40.4	4.6
43.9	41.1	4.6
55.96	37.7	4.6
46.67	37.95	4.6
46.61	41	4.6
50.11	32.2	4.6
48.85	32.45	4.6
55.12	36.35	4.6
48.73	39.92	4.6
44.47	34.99	4.6
48.25	38.1	4.6
48.24	40.53	4.6
44.8	38.4	4.6
47.5	41.5	4.6
49.04	32.07	4.6
54.12	36.74	4.6
57.21	37.64	4.6
44.99	39.54	4.6
42.9	39.6	4.6
54.31	32.09	4.6
55.24	38.66	4.6
42.9	40.97	4.6
60.69	34.69	4.6
45.85	41.25	4.6
42.57	40.65	4.6
47.43	33.1	4.6
45.43	33.5	4.6
43.3	38.29	4.6
43.6	37.24	4.6
43.87	41.05	4.6
46.1	34.3	4.6
47.07	40.61	4.6
44.35	40.17	4.6
45.37	34.78	4.6
45.2	36.11	4.6
46.47	41.26	4.6
45.35	36.46	4.6
46.4	38.4	4.6
43.1	39.7	4.6
48.17	41.09	4.6
42.2	40.2	4.6
59.16	35.24	4.6
47.2	33.3	4.6
44.76	38	4.6
42.1	40.7	4.6
43.73	41.45	4.6
47.37	38.36	4.6
45.52	41.37	4.6
50.72	40.26	4.6
44.7	34.93	4.6
46.12	41.07	4.6
47.75	41.71	4.6
43.81	41.99	4.6
45.11	39.86	4.6
46.8	34.17	4.6
44.27	40.02	4.6
44.98	40.61	4.6
46.58	33.26	4.6
41.69	40.76	4.6
44.92	40.29	4.6
44.07	38.47	4.6
47.4	32.7	4.6
47.6	33.13	4.6
43.86	41.27	4.6
44.67	38.47	4.6
42.25	40.42	4.6
42.25	40.88	4.6
49.28	40.2	4.6
42.73	41.15	4.6
45.33	38.25	4.6
43.32	38.52	4.6
46.35	40.22	4.6
47.45	40.28	4.6
42.6	40.3	4.6
46.7	41.4	4.6
60.21	32.99	4.6
46.06	33.4	4.6
43	38.3	4.6
43.48	38.55	4.6
44.47	40.12	4.6
47.96	41.63	4.6
42.77	38.02	4.6
42.25	39.12	4.6
42	40.43	4.6
42.12	41.33	4.6
44.68	38.27	4.6
46.97	40.52	4.6
44.38	40.75	4.6
43.3	38.1	4.6
49.65	33.17	4.6
47.82	33.29	4.6
44.07	38.1	4.6
45.87	38.67	4.6
42	40.2	4.6
44.49	38.7	4.6
45.89	41.88	4.6
55.33	36.88	4.596
57.6	37.64	4.596
48.88	35.73	4.596
52.06	34.17	4.596
57.88	37.75	4.596
51.94	34.91	4.596
51.89	39.39	4.596
43.22	35.81	4.596
50.53	40.59	4.596
49.09	37.96	4.596
52.42	35.59	4.596
55.8	32.17	4.596
44.92	38.5	4.596
59.66	32.12	4.596
50.44	33.6	4.596
45.13	37.36	4.596
49.73	35.29	4.596
54.05	39.77	4.596
58.99	32.11	4.596
54.78	36.55	4.596
48.76	35.73	4.596
52.579	35.563	4.596
49.396	32.831	4.571
49.289	32.168	4.571
61.013	35.225	4.571
47.07	33.25	4.571
51.769	40.829	4.571
46.9	33.36	4.571
47.11	32.07	4.571
47.85	40.98	4.571
48.36	33.371	4.571
48.95	38.25	4.571
52.231	40.298	4.571
46.598	41.855	4.571
46.56	39.92	4.571
44.134	39.328	4.571
46.188	41.895	4.571
48.929	33.002	4.571
43.468	41.772	4.571
44.145	38.336	4.571
48.641	41.364	4.571
59.659	33.953	4.571
50.19	40.791	4.571
44	40.86	4.571
46.738	32.919	4.571
59.163	36.588	4.571
54.902	37.102	4.571
49.408	33.143	4.571
45.821	41.902	4.571
46.6	41.7	4.5
45.9	41.9	4.5
45.4	41.9	4.5
43.8	41.9	4.5
58	40	4.5
58.4	38.7	4.5
55.5	35.5	4.5
44.2	41.6	4.5
43.9	40.8	4.5
43.8	40.3	4.5
44	41.4	4.5
42.2	41.9	4.5
46.7	40.8	4.5
43.7	41.3	4.5
43.7	41.2	4.5
43.3	40.9	4.5
45.3	41.2	4.5
45.1	41.8	4.5
47.1	41.2	4.5
46	41.7	4.5
53.46	36.03	4.5
54.25	37.46	4.5
46.6	38.29	4.5
45.3	38.5	4.5
47.3	41.3	4.5
45.8	38.4	4.5
44.2	38.6	4.5
44.5	38.79	4.5
47.5	34.35	4.5
43	39.8	4.5
48.79	32.47	4.5
56.2	37.2	4.5
44.6	39.4	4.5
43.8	40.1	4.5
41.62	41.93	4.5
43.27	41.64	4.5
43.79	41.24	4.5
41.5	41	4.5
46.4	35	4.5
51.31	40.7	4.5
44.2	39.7	4.5
43	40.2	4.5
44.44	40.06	4.5
54.58	32	4.5
45.6	34.53	4.5
43.95	41.13	4.5
49.69	32.04	4.5
47.23	32.88	4.5
42.9	40.9	4.5
47.92	34.2	4.5
47.77	32.64	4.5
48.16	41.42	4.5
46.71	33.25	4.5
44.1	38.4	4.5
46.7	40.5	4.5
43	38.9	4.5
46.73	33.59	4.5
44.89	37.35	4.5
44.1	39.4	4.5
46.4	41.6	4.5
46.16	41.68	4.5
44.01	41.09	4.5
45.3	40.4	4.5
44.5	38.29	4.5
43.77	41.77	4.5
44.26	38.75	4.5
47.3	40.6	4.5
47	41.35	4.5
44.63	39.61	4.5
45.85	41.15	4.5
44.4	38.92	4.5
44	41.13	4.5
45.7	41.4	4.5
43.93	41.92	4.5
46.36	34.4	4.5
45.3	34.84	4.5
43.1	37.9	4.5
43.82	41.76	4.5
46.27	33.1	4.5
45.3	38.36	4.5
42.16	39.1	4.5
45.3	39.4	4.5
44.77	40.45	4.5
47.8	40.7	4.5
45.2	39.2	4.5
46.13	41.28	4.5
47.6	33.4	4.5
42.6	40.1	4.5
41.7	41	4.5
44.27	41.76	4.5
47.75	39.56	4.5
46.4	38.57	4.5
44.83	38.46	4.5
44.75	38.82	4.5
44	38.1	4.5
44.24	41.67	4.5
48.36	41.81	4.5
44.37	39.36	4.5
43.55	40.4	4.5
46.69	34.44	4.5
41.58	39.03	4.5
42.05	39.94	4.5
43.43	40.95	4.5
42.2	39	4.5
42.57	40.03	4.5
45.97	40.4	4.5
48	33.08	4.5
57.14	36.1	4.5
46.33	40	4.5
47.92	40.07	4.5
51.42	40.52	4.5
42.28	40.66	4.5
44	41.3	4.5
43.06	38.5	4.5
42.83	38.17	4.5
44.52	38.88	4.5
43.75	39.32	4.5
46.8	40.93	4.5
44.9	38.4	4.5
44.2	35.76	4.5
44.37	38.47	4.5
45.1	38.6	4.5
48.83	41.32	4.5
46.47	41.57	4.5
44	38.3	4.5
52.97	35.89	4.5
44.55	38.95	4.5
48.45	40.68	4.5
44.35	41.67	4.5
43.8	38.5	4.5
42.67	40.67	4.5
46.84	40.61	4.5
60.68	33.22	4.5
51.37	34.94	4.5
54.73	36.81	4.5
45.88	41.51	4.5
48.42	33.84	4.5
45.37	34.05	4.5
51	36.85	4.5
47.87	39.03	4.5
42.56	39.58	4.5
44.22	39.6	4.5
46.77	40.12	4.5
50.65	41.46	4.5
57.46	36.76	4.5
42.4	36.78	4.5
44.07	38.92	4.5
42.49	40.44	4.5
42.4	40.92	4.5
57.8	35.83	4.495
56.51	32.13	4.495
57.65	34.31	4.495
48.54	33.13	4.495
52.73	36.25	4.495
48.9	32.5	4.495
58.99	32.38	4.495
50.59	40.76	4.495
61.49	36.68	4.495
45.88	32.71	4.495
46.54	33.24	4.495
54.3	37.39	4.495
58.61	35.15	4.495
52.64	34.8	4.495
58.63	35.68	4.495
49.53	37.7	4.495
49.2	36.82	4.495
56.2	32.9	4.495
47.27	37.86	4.495
48.02	41.03	4.495
49.86	36.75	4.495
57.73	37.49	4.495
45.097	35.03	4.484
44.647	36.362	4.484
44.535	35.363	4.484
45.911	35.814	4.484
44.49	41.47	4.484
45.647	41.412	4.484
48.97	41.74	4.484
47.95	41.33	4.484
55.16	37.59	4.484
45.4	35.23	4.484
57.516	33.293	4.484
41.557	39.755	4.484
59.95	35.07	4.484
49.46	36.933	4.484
47.309	33.22	4.484
48.174	41.861	4.484
54.975	32.042	4.484
54.048	36.153	4.484
49.201	40.865	4.484
48.628	41.639	4.484
52.416	36.283	4.484
58.222	38.71	4.484
45.01	38.346	4.484
63.444	40.427	4.484
47.97	32.9	4.484
57.254	33.171	4.484
47.507	32.226	4.484
50.748	41.532	4.484
42.71	36.433	4.484
49.732	40.368	4.484
49.188	32.517	4.484
46.769	41.889	4.484
47.435	41.065	4.484
47.797	34.394	4.484
46.81	41.35	4.484
44.03	41.13	4.484
44.812	40.738	4.484
44.3	40.89	4.484
44.4	41.2	4.4
44.7	41.8	4.4
43.5	41.4	4.4
44.4	41.6	4.4
43.38	41.83	4.4
45.3	39.7	4.4
43.9	41.3	4.4
46.6	41.7	4.4
44.08	41.47	4.4
43.93	41.25	4.4
43.7	41.1	4.4
44.05	41.47	4.4
43.88	41.22	4.4
43.7	41.18	4.4
42.93	41.63	4.4
43.45	41.92	4.4
43.3	41.3	4.4
43.87	41.84	4.4
42.22	41.95	4.4
45.77	41.7	4.4
42.88	41.82	4.4
46.5	41.7	4.4
44.04	41.92	4.4
56.8	37.6	4.4
44.7	38.9	4.4
45.7	41.1	4.4
46.7	41.7	4.4
45.59	41.63	4.4
43.41	42	4.4
45.3	40.3	4.4
42.7	40.7	4.4
45.5	38.4	4.4
45	40.2	4.4
45.7	40.6	4.4
43.5	39.7	4.4
44.9	38.5	4.4
47.1	41.2	4.4
44.34	41.92	4.4
45.3	38.4	4.4
44.8	40.4	4.4
51.31	36.01	4.4
42.7	38	4.4
47.12	38.34	4.4
44.8	38.6	4.4
45.1	39.2	4.4
43.46	41.95	4.4
48	38.9	4.4
42.3	40.5	4.4
42.3	40.29	4.4
45.7	41.3	4.4
44.9	38.4	4.4
45.8	40.2	4.4
42.38	38.13	4.4
47.1	40.6	4.4
49.32	32.46	4.4
42.71	36.63	4.4
55.54	36.85	4.4
58.39	37.24	4.4
55.33	38.22	4.4
46.65	41.8	4.4
44.1	38.9	4.4
47.3	40	4.4
47.1	40.79	4.4
43.86	39.27	4.4
44.81	38.86	4.4
45.71	38.97	4.4
51.1	41.17	4.4
44.5	39.3	4.4
45.88	41.55	4.4
43	39.3	4.4
55.44	32.61	4.4
60.87	33.19	4.4
45.71	35.61	4.4
57.8	37.32	4.4
47.58	38.58	4.4
44.3	38.9	4.4
45	40	4.4
48.71	32.86	4.4
60.76	35.3	4.4
46.8	41.4	4.4
44	38.7	4.4
45.38	35.99	4.4
43.6	38.8	4.4
43.1	39.29	4.4
46.7	38.6	4.4
44	39.1	4.4
44.03	36.09	4.4
48.13	40.32	4.4
45.7	39.2	4.4
45.13	39.22	4.4
46.8	41.5	4.4
47.42	41.07	4.4
44.3	38.9	4.4
45.06	39.61	4.4
43.93	41.1	4.4
46.3	41.55	4.4
46.5	38.7	4.4
44.07	38.9	4.4
43	40.9	4.4
43.96	41.41	4.4
43.64	41.78	4.4
46.8	38.4	4.4
44.4	34.9	4.4
41.8	40.6	4.4
44.47	38.86	4.4
43	39	4.4
47.8	41.6	4.4
42.88	40.17	4.4
45.56	36.03	4.4
44.7	38.29	4.4
44.5	39.5	4.4
42.47	41.17	4.4
45.56	41.26	4.4
46.49	41.57	4.4
43.38	41.05	4.4
46.3	35.1	4.4
48	38.1	4.4
44.52	40.11	4.4
47.83	41.96	4.4
44.9	38.4	4.4
44.93	38.4	4.4
44.37	38.57	4.4
44.87	39.32	4.4
44.21	38.35	4.4
45.21	39.97	4.4
47.8	35	4.4
48.52	38.57	4.4
43.97	38.95	4.4
45.86	40.42	4.4
44.01	40.5	4.4
45.1	39	4.4
49.57	32.46	4.4
43.95	38.95	4.4
43.32	40.1	4.4
42.03	40.17	4.4
44.68	38.93	4.4
42.33	40.72	4.4
47.4	41.18	4.4
43.83	38.3	4.4
44.05	41.17	4.4
43.2	38.45	4.4
47.25	40.35	4.4
45.8	38.54	4.4
44	39.57	4.4
46.35	40.53	4.4
46.1	38.93	4.4
43.38	39	4.4
42.2	40.4	4.4
46.3	34.6	4.4
46.57	34.16	4.4
48.42	40.92	4.4
48.69	41.56	4.4
44.02	39.53	4.4
43.8	41.12	4.4
44	38.1	4.4
43.9	39	4.4
42.35	39.38	4.4
42.33	39.4	4.4
46.1	32.2	4.4
43.22	40.1	4.4
44.38	39.33	4.4
45.3	38.37	4.4
45.3	38.77	4.4
45.63	39.37	4.4
44.03	41.12	4.4
42	39.17	4.4
47.29	40.98	4.4
42.58	39.13	4.4
49.35	32.38	4.4
60.67	32.72	4.4
47.3	34.45	4.4
48.24	41.69	4.4
45.18	39.09	4.4
45.35	39.38	4.4
48	39.45	4.4
42.62	40.22	4.4
43.07	38.77	4.4
44.87	38.87	4.4
45.6	39.36	4.4
42.02	39.94	4.4
53.55	35.82	4.4
59.03	36.13	4.4
51.93	40.26	4.4
46.83	40.97	4.4
47.03	41.37	4.4
47	39	4.4
47	41	4.4
47.5	38.47	4.4
42.58	40.7	4.4
47.74	32.21	4.4
56.62	37.16	4.4
45.67	38.78	4.4
44.98	38.89	4.4
44.94	39.37	4.4
46.901	41.797	4.397
46.261	41.856	4.397
49.559	37.146	4.397
59.762	36.488	4.397
54.79	35.943	4.397
43.655	39.489	4.397
45.686	35.246	4.397
50.518	40.221	4.397
56.32	32.09	4.397
45.808	39.043	4.397
47.191	40.572	4.397
49.12	32.73	4.397
46.317	41.697	4.397
48.713	40.632	4.397
42.367	38.604	4.397
59.211	36.919	4.397
44.363	38.525	4.397
51.547	36.292	4.397
44.381	35.627	4.397
48.866	41.349	4.397
54.67	36.9	4.397
51.028	41.744	4.397
50.177	41.538	4.397
56.311	37.069	4.397
46.759	41.683	4.397
55.28	37.48	4.397
47.724	40.671	4.397
49.476	33.581	4.397
60.401	32.925	4.397
47.665	41.888	4.397
45.991	41.293	4.397
46.3	33.06	4.397
53.601	36.14	4.397
53.9	39.38	4.394
53	36.56	4.394
48.68	38.67	4.394
58.7	36.74	4.394
58.62	35.47	4.394
49.88	39.91	4.394
56.9	37.3	4.394
44.58	35.57	4.394
46.48	38.23	4.394
47.68	37.23	4.394
54.57	37.21	4.394
55.65	37.76	4.394
49.86	32.2	4.394
48.97	33.14	4.394
56.69	37.29	4.394
45.49	34.32	4.394
58.47	32.18	4.394
58.08	35.22	4.394
48.73	33.23	4.394
48.22	32.59	4.394
51.97	40.68	4.394
58.27	36.33	4.394
48.59	38.74	4.394
56.31	37.67	4.394
47.07	38.08	4.394
60.73	33.65	4.394
42.797	37.891	4.341
44.437	34.772	4.31
49.075	37.647	4.31
50.254	40.713	4.31
50.13	41.086	4.31
49.312	33.067	4.31
45.87	41.85	4.31
48.13	34.23	4.31
47.62	41.6	4.31
46.613	40.159	4.31
46.423	40.686	4.31
49.605	39.327	4.31
44.602	38.663	4.31
43.547	38.798	4.31
48.481	40.003	4.31
45.917	41.842	4.31
50.994	33.504	4.31
48.969	40.721	4.31
44.342	41.368	4.31
44.07	38.74	4.31
56.636	37.539	4.31
50.402	41.02	4.31
46.1	41.226	4.31
48.253	40.981	4.31
48.1	41.431	4.31
44.1	41.114	4.31
46.38	32.79	4.31
55.003	35.046	4.31
47.701	32.649	4.31
48.742	40.466	4.31
48.629	41.168	4.31
49.099	40.218	4.31
42.359	41.129	4.31
59.453	37.445	4.31
46.524	41.277	4.31
55.5	32.39	4.31
44.731	35.382	4.31
49.959	40.908	4.31
51.969	41.491	4.31
48.145	32.628	4.31
46.382	41.866	4.31
56.934	37.535	4.31
42.487	40.435	4.31
43.708	41.568	4.31
44.03	41.44	4.31
54.777	39.496	4.31
50.888	40.108	4.31
55.732	36.835	4.31
46.69	40.81	4.31
43.47	41.02	4.31
57.13	32.5	4.31
43.53	40.2	4.31
44.4	40.17	4.3
48.6	39	4.3
45	39.1	4.3
47.1	37.9	4.3
52.05	37.76	4.3
47.9	38.1	4.3
48.3	38.7	4.3
48.6	38.7	4.3
43.55	41.12	4.3
43.83	41.28	4.3
43.8	41.8	4.3
58.5	35.2	4.3
55.47	34.37	4.3
45.4	41.28	4.3
54.18	36.74	4.3
42.4	41.8	4.3
46	40.7	4.3
57.1	37.2	4.3
45.2	38.4	4.3
44.2	39.1	4.3
45.2	40.5	4.3
47.7	40.7	4.3
47.8	41	4.3
48	41.9	4.3
45.3	40.29	4.3
59	32.5	4.3
44.8	38.4	4.3
45.3	38.7	4.3
45.2	38.9	4.3
47	39.1	4.3
44.4	39.2	4.3
44.8	40.29	4.3
44.3	41	4.3
42.3	41.1	4.3
47.4	41.6	4.3
43.8	41.2	4.3
46.07	41.95	4.3
43.2	38.5	4.3
42.7	40.5	4.3
47.1	40.7	4.3
43.7	41.1	4.3
48	41.3	4.3
46.5	42	4.3
44.43	41.67	4.3
42.1	40.2	4.3
45.47	38.23	4.3
43.9	38.4	4.3
43.6	39.29	4.3
42.2	40.6	4.3
45.8	41	4.3
47.2	41	4.3
43.8	41.1	4.3
43.8	41.1	4.3
45.3	41.2	4.3
46.6	41.6	4.3
42.08	41.87	4.3
46.1	41.92	4.3
44.7	38.1	4.3
46.2	38.1	4.3
48	38.29	4.3
44.7	38.4	4.3
45.6	38.5	4.3
43.9	38.9	4.3
43.8	39.29	4.3
52	40.4	4.3
42.4	40.7	4.3
48.8	32.5	4.3
44	39	4.3
44.2	39	4.3
44.6	39.1	4.3
45.9	39.29	4.3
48	40	4.3
44.6	40.1	4.3
47.5	38.29	4.3
43.9	38.4	4.3
44	38.79	4.3
43.6	39.1	4.3
46.1	39.1	4.3
45.3	39.2	4.3
44.7	39.5	4.3
45.1	40.4	4.3
46.7	40.4	4.3
47.8	40.4	4.3
47.3	41	4.3
47.6	41	4.3
46.4	41.8	4.3
44.47	42	4.3
42.92	40.29	4.3
44.7	38.2	4.3
46.4	38.29	4.3
43.4	38.9	4.3
43.9	39.2	4.3
44.4	39.2	4.3
42.9	40.29	4.3
47.9	40.4	4.3
47.4	40.7	4.3
46.2	41.7	4.3
47.2	42	4.3
46.03	41.2	4.3
45.88	41.22	4.3
46.5	41.7	4.3
55.28	36.94	4.3
48.68	38.71	4.3
58	38.9	4.3
44.8	39.1	4.3
44.2	39.2	4.3
46	39.29	4.3
42.3	39.79	4.3
45.7	40.29	4.3
46.3	40.29	4.3
46.7	40.6	4.3
42.4	40.79	4.3
44	40.79	4.3
42.82	40.82	4.3
47.6	41.1	4.3
46	41.1	4.3
46.8	41.8	4.3
44.7	38.29	4.3
44.8	38.5	4.3
45.2	38.6	4.3
45.6	38.7	4.3
45.7	39	4.3
42.9	40	4.3
42	40.2	4.3
46.7	40.4	4.3
44.2	38.9	4.3
42.8	39.9	4.3
46.1	40.4	4.3
47.5	40.9	4.3
42.4	41.1	4.3
44	41.22	4.3
46	41.93	4.3
43.35	37.53	4.3
42.9	39.7	4.3
47.9	40.29	4.3
48.46	32.62	4.3
58.36	33.34	4.3
42.4	38.79	4.3
43.3	39	4.3
48.5	40.26	4.3
43.3	40.4	4.3
47.7	40.79	4.3
47.2	41	4.3
44.38	41.71	4.3
44.05	41.42	4.3
46.25	35.51	4.3
45.3	38.1	4.3
44.9	38.5	4.3
45.2	38.5	4.3
47.1	38.5	4.3
42.8	40.29	4.3
44.3	40.85	4.3
46.9	41.1	4.3
46.2	41.6	4.3
44.52	41.6	4.3
42.2	41.8	4.3
45.3	38.29	4.3
43.6	39.6	4.3
42.7	39.7	4.3
42.8	39.9	4.3
47.6	40.79	4.3
47.1	40.9	4.3
47.5	42	4.3
45.85	41.48	4.3
44.65	41.3	4.3
45.9	42	4.3
45	39.28	4.3
42.5	40.2	4.3
47.1	38.5	4.3
45.2	39.1	4.3
47.1	40.4	4.3
46.9	40.9	4.3
47	41	4.3
45.9	41.1	4.3
46	42	4.3
50.93	33.85	4.3
44.7	38.1	4.3
48	38.1	4.3
44.2	38.2	4.3
47.9	39.7	4.3
45.45	40.45	4.3
46.9	40.5	4.3
47.9	41.6	4.3
44.4	41.48	4.3
46	42	4.3
50.18	37.64	4.3
43.6	38.29	4.3
45.2	38.4	4.3
44.7	38.5	4.3
44.7	38.6	4.3
45.9	39.4	4.3
44.7	39.9	4.3
45.4	40.4	4.3
43.82	41.45	4.3
43.23	41.68	4.3
46.85	33.53	4.3
42.2	40.44	4.3
44.7	38.7	4.3
47	40.6	4.3
47.1	41	4.3
47.1	41.4	4.3
46.9	38.4	4.3
44.5	38.7	4.3
44.4	39.29	4.3
43.6	39.5	4.3
46.6	40.29	4.3
47.8	40.9	4.3
47.6	41.9	4.3
42.68	41.77	4.3
46.8	41.1	4.3
45.2	38.4	4.3
44.8	38.7	4.3
45.8	38.4	4.3
42.93	40.92	4.3
44.5	39	4.3
45	39.4	4.3
48	38.5	4.3
47.2	40.92	4.3
44.3	38.9	4.3
46.2	40.29	4.3
47.76	42	4.3
43.68	41.28	4.3
44.47	40.04	4.3
44.9	38.6	4.3
45.25	40.11	4.3
46.27	41.77	4.3
44.61	38.96	4.3
44	39.4	4.3
44.32	38.4	4.3
46.87	40.75	4.3
47.8	41	4.3
47.38	41.47	4.3
46.08	41.22	4.3
46.8	35.99	4.3
44.4	39.1	4.3
43	39.6	4.3
43.3	40.2	4.3
43.73	41.97	4.3
42.7	40.15	4.3
45.75	38.34	4.3
47.59	41.03	4.3
45	38.75	4.3
46.75	40.68	4.3
45.7	34.61	4.3
44.5	38.11	4.3
46	38.65	4.3
43.8	39.07	4.3
47.86	40.56	4.3
47.51	41.13	4.3
46.24	41.79	4.3
42.6	39.7	4.3
43	40.1	4.3
44.8	38.29	4.3
44.7	38.97	4.3
43.52	40.52	4.3
46.1	33.8	4.3
43.68	40.01	4.3
46.2	38.5	4.3
44.6	38.6	4.3
44.05	39.2	4.3
46.78	40.13	4.3
48.88	40.21	4.3
42.7	41.1	4.3
42	38.7	4.3
47.96	37.85	4.3
44.18	39.97	4.3
47.1	41.98	4.3
46.7	34.2	4.3
46.12	38.29	4.3
47.23	41.02	4.3
42.72	41.41	4.3
43.05	38.31	4.3
46.7	38.58	4.3
42.46	39.71	4.3
45.5	40.4	4.3
45.56	41.39	4.3
44.01	41.48	4.3
53.4	35.97	4.3
46.27	35.26	4.3
42.63	37.9	4.3
43.75	38.83	4.3
41.84	40.27	4.3
42.26	42	4.3
44.18	38.6	4.3
48.66	32.77	4.3
47.62	34.29	4.3
44.9	38.9	4.3
46.7	41.3	4.3
46.7	41.3	4.3
48	32.8	4.3
42.6	37	4.3
41.93	39.76	4.3
44.42	40.7	4.3
48	40.8	4.3
43.95	41.47	4.3
48.9	32.19	4.3
47.54	32.6	4.3
56.81	37.15	4.3
57.96	38.13	4.3
48.91	40.62	4.3
44.56	38.09	4.3
44.52	40.03	4.3
43.87	38.73	4.3
44.32	39.08	4.3
44.68	39.5	4.3
43.96	41.35	4.3
44.03	41.59	4.3
54.18	34.79	4.3
49.22	40.04	4.3
45.58	38.31	4.3
43.58	38.16	4.3
42.56	38.22	4.3
42.9	40.2	4.3
42.7	37.45	4.3
45.75	38.75	4.3
42.11	39.04	4.3
42.68	39.35	4.3
46.56	40.39	4.3
43.64	36.48	4.3
52.83	33.12	4.293
49.43	35.49	4.293
49.75	32.51	4.293
50.05	35.01	4.293
51.82	39.41	4.293
57.59	32.67	4.293
49.33	32.85	4.293
50.78	39.44	4.293
50.93	33.48	4.293
56.95	33.4	4.293
60.58	33.54	4.293
56.92	33.71	4.293
42.9	39.84	4.293
49.43	32.15	4.293
56.04	38.72	4.293
44.48	37.45	4.293
48.21	40.51	4.293
48.89	38.85	4.293
53.17	35.85	4.293
48.98	35.64	4.293
48	32.71	4.293
51.1	39.57	4.293
46.98	37.92	4.293
47.29	33.38	4.293
57.56	35.7	4.293
55.74	36.56	4.293
48.61	37.73	4.293
44.36	38.72	4.293
47.43	39.42	4.293
48.84	39.6	4.293
57.45	37.13	4.293
49.86	34.3	4.293
54.53	37.18	4.293
48.49	34.14	4.293
55.76	39.07	4.293
51.42	40.2	4.293
48.72	37.52	4.293
56.7	33.85	4.293
49.48	32.66	4.293
48.1	32.77	4.293
55.58	38.75	4.293
60.01	32.49	4.293
55.12	37.04	4.293
55.79	32.24	4.293
48.46	33.36	4.293
55.284	36.348	4.293
48.769	32.615	4.223
55.521	39.008	4.223
48.111	38.074	4.223
50.367	41.393	4.223
59.942	32.431	4.223
45.077	38.474	4.223
57.626	37.051	4.223
60.255	32.972	4.223
49.961	40.987	4.223
48.619	32.404	4.223
48.303	33.65	4.223
47.743	41.869	4.223
45.582	33.128	4.223
48.693	32.338	4.223
52.882	35.193	4.223
48.549	41.747	4.223
47.453	41.885	4.223
56.115	38.767	4.223
48.145	40.915	4.223
45.945	34.745	4.223
45.855	41.207	4.223
49.149	40.251	4.223
46.21	33.24	4.223
47.438	39.962	4.223
48.749	32.414	4.223
53.371	36.419	4.223
48.742	41.343	4.223
44.439	40.101	4.223
57.81	36.21	4.223
51.481	32.234	4.223
48.583	40.922	4.223
45.76	40.09	4.223
45.41	39.74	4.223
48.887	40.451	4.223
48.517	41.216	4.223
43.4	41.8	4.2
42.8	41.7	4.2
44.8	41.8	4.2
43.5	41.7	4.2
60	38.5	4.2
46.8	40.8	4.2
42.2	41.6	4.2
45.92	41.37	4.2
44	41.25	4.2
43.75	41.13	4.2
43.98	41.25	4.2
42.3	40.7	4.2
43.8	41.1	4.2
44	41.3	4.2
44.8	40.29	4.2
43	40.2	4.2
47.4	39.79	4.2
42	39.9	4.2
43.9	41.1	4.2
47.2	38.2	4.2
43.64	36.68	4.2
42.08	41.4	4.2
46.38	41.43	4.2
46.4	41.93	4.2
42.9	41.2	4.2
44.2	39.2	4.2
43.95	41.35	4.2
43.2	41.7	4.2
42.9	39.8	4.2
44.77	40.18	4.2
47.34	34.46	4.2
44.07	41.43	4.2
42.8	40.9	4.2
44.3	40.15	4.2
55.5	32.24	4.2
45.3	38.6	4.2
43.4	40.1	4.2
44.8	40.2	4.2
44.7	38.8	4.2
44.3	39.1	4.2
43.6	39.3	4.2
42	40.5	4.2
44	41.47	4.2
45.9	42	4.2
44	38.3	4.2
44	39.8	4.2
43.87	40.73	4.2
43.3	40.8	4.2
43.7	39.6	4.2
45.45	38.58	4.2
45.3	38.2	4.2
45.3	38.6	4.2
44.6	38.7	4.2
46.26	39.11	4.2
43.6	41	4.2
44.8	38.5	4.2
45.6	39.9	4.2
46.6	40.9	4.2
46.42	41.77	4.2
48	38.2	4.2
44.18	38.43	4.2
44.67	39.1	4.2
45.11	39.71	4.2
44.13	40.23	4.2
46.6	40.7	4.2
42.83	41.38	4.2
46.8	40.4	4.2
44.02	41.05	4.2
46.47	40.79	4.2
46.5	40.2	4.2
42.6	39.9	4.2
45.6	40.86	4.2
45.72	41.9	4.2
46.9	41.9	4.2
42.9	38.8	4.2
46.93	40.77	4.2
45.9	41.97	4.2
47.2	38.25	4.2
43.2	38.5	4.2
46	40.32	4.2
47.99	40.97	4.2
46.88	38.47	4.2
45.3	38.5	4.2
46.2	40.8	4.2
42.18	41.6	4.2
44.9	38.4	4.2
46.73	41.63	4.2
44.8	38.79	4.2
45.9	40.27	4.2
42.46	40.6	4.2
47.78	40.88	4.2
43.37	39.07	4.2
43.13	41.85	4.2
43.37	38.54	4.2
47.65	39.63	4.2
47.3	33.86	4.2
45.68	41.38	4.2
47.53	39.18	4.2
47.46	41.21	4.2
46.04	41.69	4.2
42.75	41.91	4.2
45.77	41.95	4.2
42.2	38.25	4.2
43.12	38.42	4.2
44.7	39.4	4.2
42.4	40.5	4.2
42.7	38.11	4.2
47.27	40.54	4.2
46.65	41.07	4.2
46.6	41.4	4.2
44.48	38.07	4.2
47.97	38.65	4.2
50.22	32.18	4.2
42.89	39.61	4.2
44.63	38.27	4.2
43.4	39	4.2
42.2	39.6	4.2
42.7	38.58	4.2
46.33	39.53	4.2
46.1	37.56	4.2
43.22	39.97	4.2
47.15	40.36	4.2
47.12	41.02	4.2
45.78	41.22	4.2
46.3	38.6	4.2
45.1	38.9	4.2
42.5	39.2	4.2
44.25	39.2	4.2
42.25	40	4.2
45.43	41.09	4.2
45.3	38.58	4.2
45.32	40.02	4.2
42.27	40.38	4.2
47.95	41.78	4.2
42.4	40.71	4.2
43.58	38.7	4.2
44.22	39.75	4.2
47.2	39.9	4.2
45.9	41.17	4.2
44.62	38.83	4.2
43.35	39	4.2
42.88	39.88	4.2
43.9	41.03	4.2
51.72	40.12	4.2
47.65	40.61	4.2
50.68	40.94	4.2
44.35	39.5	4.2
45.75	39.93	4.2
46.78	40.72	4.2
47.95	40.83	4.2
46	38.8	4.2
43.75	39.17	4.2
46.33	41.75	4.2
50.94	33.68	4.2
43.6	39	4.2
48.41	40.72	4.2
50.28	40.97	4.2
50.43	41.06	4.2
54.54	36.01	4.2
48.31	41.25	4.2
45.97	38.4	4.2
43.25	39.17	4.2
44.73	39.2	4.2
43.38	39.65	4.2
44.95	39.8	4.2
46.36	38.1	4.2
46	33.6	4.2
44.7	38.4	4.2
46.72	41.41	4.2
43.75	39.25	4.2
49.06	32.82	4.2
48.81	40.56	4.2
48.18	40.75	4.2
52.35	36.9	4.2
49.09	40.26	4.2
49.57	41.23	4.2
43.63	39.22	4.2
42.55	40.63	4.2
47.3	32	4.2
43.3	38.43	4.2
42.8	40.17	4.2
46.37	40.27	4.2
51.98	40.78	4.2
43.42	35.85	4.2
43.33	35.87	4.2
43.97	36.14	4.2
43.59	37.09	4.2
50.26	40.51	4.2
48.28	40.87	4.2
43.5	38.46	4.2
43.42	41.14	4.2
43.87	39.27	4.2
44.5	39.53	4.2
45.7	39.7	4.2
44.36	40.75	4.2
44.75	40.04	4.2
45.9	41.16	4.2
43.06	41.39	4.2
43.69	38.3	4.2
43.38	38.91	4.2
43.5	38.78	4.2
47.7	41.05	4.2
60.03	33.22	4.2
50.14	36.54	4.2
47.09	40.43	4.2
50.71	40.5	4.2
56.12	37.7	4.192
56.58	34.91	4.192
46.46	35.69	4.192
51.46	39.72	4.192
51.89	40.59	4.192
48.75	32.96	4.192
44.52	38.98	4.192
53.79	34.35	4.192
49.74	32.67	4.192
48.49	40.42	4.192
48.57	37.38	4.192
59.43	33.06	4.192
45.22	35.54	4.192
57.8	36.76	4.192
46.44	35.42	4.192
51.17	34.23	4.192
49.49	34.5	4.192
52.01	36.34	4.192
52.03	39.5	4.192
52.86	35.87	4.192
55.6	38.59	4.192
49.06	35.89	4.192
58.15	38.05	4.192
55.28	32.73	4.192
45.03	36.82	4.192
49.51	36.97	4.192
51.78	35.47	4.192
49.15	40.22	4.192
53.29	35.37	4.192
47.51	34.67	4.192
49.94	32.6	4.192
51.34	36.82	4.192
57.45	38.15	4.192
53.55	39.56	4.192
45.99	35.03	4.192
58.44	36.79	4.192
51.2	40.65	4.192
43.57	38.78	4.192
52.3	36.02	4.192
54.52	37.18	4.192
59.302	32.554	4.136
49.629	41.867	4.136
50.015	40.942	4.136
45.543	33.047	4.136
54.616	39.301	4.136
52.057	40.53	4.136
48.434	32.536	4.136
55.734	38.909	4.136
58.254	37.105	4.136
51.584	40.356	4.136
46.061	35.751	4.136
49.234	32.372	4.136
48.736	32.032	4.136
44.611	39.341	4.136
45.769	41.96	4.136
49.254	41.916	4.136
43.931	41.093	4.136
49.246	37.561	4.136
45.17	40.37	4.136
46.179	41.867	4.136
46.878	33.243	4.136
50.089	32.278	4.136
46.661	32.864	4.136
46.029	41.979	4.136
45.95	40.819	4.136
63.299	40.915	4.136
47.624	41.862	4.136
50.356	41.437	4.136
50.712	40.623	4.136
48.07	41.225	4.136
48.338	40.448	4.136
52.161	40.166	4.136
43.8	41.2	4.1
44.07	41.4	4.1
44	41.37	4.1
44.58	41.63	4.1
45.27	41.92	4.1
45.27	41.92	4.1
44	41.9	4.1
42.6	41.97	4.1
45.8	40.4	4.1
46.6	40.9	4.1
45.17	41.5	4.1
45.9	41.1	4.1
48	40.29	4.1
47.9	41.1	4.1
44.3	38.2	4.1
45.1	39.4	4.1
47.4	39.4	4.1
42.5	39.79	4.1
44.1	39.9	4.1
47	40.4	4.1
45.9	40.9	4.1
46.07	41.38	4.1
47.3	39.1	4.1
45.4	38.5	4.1
45.7	38.5	4.1
45.8	40.29	4.1
44.5	38.7	4.1
45.5	39.5	4.1
47	40.7	4.1
45.4	41.3	4.1
46.3	41.7	4.1
46.5	41.4	4.1
42.17	41.92	4.1
45.72	41.95	4.1
44.03	41.3	4.1
42.18	41.53	4.1
44.83	41.8	4.1
44.4	41.73	4.1
43.67	41.33	4.1
46.02	41.68	4.1
42.4	41.9	4.1
43.12	41.8	4.1
47.69	34.08	4.1
41.79	39.32	4.1
44.03	41.2	4.1
43.83	41.65	4.1
45.85	42	4.1
43.4	41.15	4.1
43.98	41.2	4.1
43.78	41.4	4.1
44.33	41.83	4.1
45.7	41.4	4.1
46.12	41.97	4.1
45.68	41.98	4.1
44.4	41.55	4.1
42.18	41.95	4.1
43.9	41.1	4.1
44.7	39.7	4.1
43.87	41.27	4.1
46.9	39.1	4.1
47	40.5	4.1
44.8	39	4.1
45.3	38.8	4.1
47	38.2	4.1
43.5	39.1	4.1
44.6	39.4	4.1
44.7	38.7	4.1
46	39.25	4.1
46.48	40.77	4.1
44.6	38.29	4.1
44.6	38.7	4.1
43.9	38.9	4.1
47.9	39.7	4.1
47.5	40.29	4.1
47.8	40.6	4.1
45.63	41.27	4.1
46.78	41.73	4.1
45.5	38.4	4.1
48	40.92	4.1
44	38.17	4.1
43.18	38.54	4.1
42.3	39.6	4.1
45.3	40.29	4.1
45.9	41.4	4.1
44.3	39.29	4.1
47.4	41.1	4.1
44.6	38.29	4.1
45.5	38.4	4.1
44.03	39.03	4.1
43.5	39.1	4.1
43.62	39.22	4.1
43.7	39.29	4.1
44.86	39.88	4.1
43.6	39.6	4.1
45.9	41.8	4.1
44.55	35.08	4.1
46.03	40.9	4.1
44.36	38.11	4.1
43.7	39.1	4.1
44.63	38.9	4.1
46.32	41.87	4.1
44.05	41.3	4.1
45.5	38.92	4.1
45.26	40.11	4.1
47.07	40.35	4.1
43.7	38.3	4.1
45.5	40.1	4.1
44.6	40.2	4.1
46.6	40.52	4.1
42.6	39.7	4.1
42.67	40.7	4.1
47.68	41.95	4.1
42.8	40.5	4.1
45.2	38.46	4.1
43.8	38.5	4.1
46.72	40.6	4.1
47.96	41.1	4.1
45.36	41.23	4.1
42.47	40.07	4.1
43.1	40.63	4.1
48	41.91	4.1
45.4	41.93	4.1
47.48	41.53	4.1
51.07	41.44	4.1
45.9	38.1	4.1
42.19	40	4.1
47.33	37.87	4.1
47.8	38	4.1
44.33	38.97	4.1
46.32	39.11	4.1
44.3	39.75	4.1
47.2	41.3	4.1
44.14	41.33	4.1
47.47	40.92	4.1
43.8	39.29	4.1
47.2	40.5	4.1
44.95	40.6	4.1
42.73	40.68	4.1
42.5	41.37	4.1
44.78	38.85	4.1
42.83	38.86	4.1
46.52	38.9	4.1
47.42	40.7	4.1
44.16	41.31	4.1
44.18	38.2	4.1
43.42	38.2	4.1
42.62	38.57	4.1
44.47	38.72	4.1
44.52	39.2	4.1
44.33	40.13	4.1
44.02	41.03	4.1
47.57	41.32	4.1
47.35	41.42	4.1
46.2	39.3	4.1
42.25	39.43	4.1
46.03	40.18	4.1
43.11	39	4.1
43.1	39.93	4.1
49.45	40.21	4.1
45.21	41.75	4.1
45.21	41.75	4.1
44.98	38.6	4.1
44.65	39.57	4.1
44.23	40.77	4.1
45.27	41.38	4.1
42.12	39.72	4.1
45.9	40.87	4.1
45.67	41.2	4.1
46.02	41.75	4.1
46.5	38.5	4.1
44.48	39.48	4.1
45.6	40.4	4.1
47.42	40.98	4.1
43.92	36.49	4.1
42.56	39.5	4.1
45.12	39.5	4.1
42.67	40.53	4.1
42.74	41.89	4.1
47	38.72	4.1
47.56	40.34	4.1
43.31	36.72	4.1
51.86	40.74	4.1
44.3	38.97	4.1
46.68	40.67	4.1
43.94	41.07	4.1
43.8	41.08	4.1
45.5	41.33	4.1
43.95	41.45	4.1
48.98	36.33	4.091
54.35	35.32	4.091
57.7	36.33	4.091
48.42	33.41	4.091
49.37	32.46	4.091
56.5	38.19	4.091
46.02	33.52	4.091
48.79	34.28	4.091
47.52	32.34	4.091
51.89	35.74	4.091
56.39	33.86	4.091
56.61	37.33	4.091
49.31	36.99	4.091
47.9	40.69	4.091
45	36.47	4.091
48.94	33.66	4.091
54.93	36.62	4.091
55.54	37.04	4.091
55.33	36.93	4.091
48.59	33.67	4.091
47.37	33.5	4.091
48.21	37.73	4.091
54.05	38.53	4.091
49.8	36.76	4.091
44.58	38.06	4.091
48.85	33.73	4.091
59.13	33.34	4.091
55.85	32.1	4.091
62.42	35.78	4.091
57.41	33.34	4.091
49.14	41.97	4.091
57.4	37.18	4.091
51.92	39.61	4.091
45.31	36.98	4.091
59.85	32.69	4.091
60.19	32.33	4.091
52.45	34.74	4.091
58	35.24	4.091
57.57	37.63	4.091
53.31	36.09	4.091
49.79	32.07	4.091
53.3	35.94	4.091
54.62	37.11	4.091
56.99	33.41	4.091
48.72	39.17	4.091
54.82	39.33	4.091
45.46	36.15	4.091
48.54	38.53	4.091
54.03	37.37	4.091
45.11	35.87	4.091
48.05	35.06	4.091
53.2	35.98	4.091
48.91	33.65	4.091
52.62	39.72	4.091
51.919	35.185	4.091
44.851	37.589	4.091
44.599	38.689	4.091
52.031	41.699	4.049
50.75	40.934	4.049
48.186	39.176	4.049
54.413	40.4	4.049
46.52	41.78	4.049
53.882	39.408	4.049
57.259	38.881	4.049
49.856	34.106	4.049
43.582	35.294	4.049
53.157	32.868	4.049
48.912	32.385	4.049
49.918	41.043	4.049
44.663	36.445	4.049
52.76	40.334	4.049
46.623	41.312	4.049
44.498	41.722	4.049
56.546	32.247	4.049
51.952	40.413	4.049
50.862	41.387	4.049
45.734	41.901	4.049
58.278	37.288	4.049
45.47	41.04	4.049
48.54	41.69	4.049
48.754	32.853	4.049
52.495	39.824	4.049
49.635	38.631	4.049
48.979	38.368	4.049
44.58	41.31	4.049
47.329	41.31	4.049
43.85	41.23	4
43.6	41.7	4
43.73	41.38	4
42.77	41.43	4
46.08	41.47	4
44.63	41.55	4
44.5	38.9	4
45.5	39.79	4
42.8	40.2	4
42.4	39.9	4
45.4	38.29	4
46.5	41.18	4
44.3	38.5	4
44.2	38.6	4
43.4	39.7	4
42.3	39.79	4
44.3	39.9	4
44.2	39.5	4
43.6	39.6	4
42.8	40	4
44.3	40	4
42.9	40.79	4
43.5	41	4
42	39.79	4
44.1	39.9	4
42.4	40	4
42.1	40.1	4
43.5	40.79	4
42.7	40.9	4
44.13	42	4
43	39.1	4
42.6	39.79	4
43.1	39.9	4
42.9	40	4
43	40.7	4
43.1	41.78	4
42.37	41.88	4
43.9	38.5	4
44.3	38.5	4
42.3	40.6	4
42.5	40.79	4
42.9	40.79	4
42.25	41.03	4
45.28	41.73	4
44.4	38.29	4
43.6	39.6	4
42.4	39.79	4
43.7	38.7	4
43.9	39.4	4
42.8	39.7	4
43	40.2	4
43.1	40.5	4
46.35	41.9	4
45.7	42	4
43.9	39.1	4
44	39.2	4
42.9	39.9	4
44.2	39.9	4
42.9	40.6	4
44.2	38.4	4
44	38.7	4
43.9	39.2	4
43.4	39.5	4
42.6	39.79	4
44.1	39.79	4
42.5	40.1	4
44.1	39.1	4
43.8	39.5	4
42.4	39.7	4
44.2	39.7	4
44.3	39.7	4
42.8	40	4
42.4	40.7	4
42.3	40.79	4
43.2	40.9	4
42.4	41.1	4
44.3	38.4	4
43.7	39.29	4
44	39.29	4
42.3	39.7	4
44	39.7	4
44.5	39.9	4
42.9	40.1	4
43.9	39	4
44.1	39.2	4
42.2	39.79	4
44.03	41.43	4
45.52	42	4
43.3	38.29	4
44.5	40.79	4
42.9	39.7	4
43	39.79	4
42.8	40.9	4
44.3	38.2	4
44.1	38.5	4
43.7	39	4
42.6	39.7	4
43.3	40.79	4
43.7	38.2	4
44.3	38.4	4
43.2	38.6	4
43.9	38.9	4
43.7	39.6	4
42.5	39.9	4
43.5	39.9	4
42.5	40.1	4
43.7	38.6	4
43.6	38.79	4
43.7	39.29	4
43.7	40.6	4
44.5	38.4	4
42.9	38.9	4
43.6	39.79	4
43.1	39.9	4
46.1	40.5	4
46.7	41.13	4
46.5	41.7	4
44.2	39.5	4
43.6	39.2	4
44	39	4
44.32	39.52	4
48	41.11	4
44.9	39.45	4
44.7	39.9	4
46.8	38.29	4
46.48	38.36	4
44.75	40.65	4
46.8	40.9	4
44.02	41.07	4
48	38.2	4
42.15	41.48	4
46.35	41.6	4
44.92	41.37	4
45.7	41.97	4
46.7	38.79	4
44.2	39.7	4
43.4	39.4	4
43.3	40.4	4
43.9	39.7	4
47.87	40.2	4
47.88	40.58	4
46.7	41.5	4
45	38.4	4
44.3	39.1	4
43.5	38.5	4
43.9	39.08	4
43.3	39.7	4
42.3	40.7	4
45.1	38.7	4
45	38.4	4
48	39.5	4
46.63	39.93	4
43.73	41.47	4
45.7	41.82	4
42.6	38.79	4
44.77	38.35	4
46.5	38.79	4
41.75	41.97	4
46.2	41.97	4
45.1	40.2	4
43.82	39.36	4
44.1	39.76	4
43.3	40.9	4
45.77	39.86	4
48	40.95	4
43.75	39.45	4
45.2	38.79	4
44.8	40.07	4
42.8	41	4
47.46	41.86	4
43.2	39.6	4
45.7	41.83	4
45.96	41.97	4
43.33	38.72	4
42.2	39.79	4
44.5	38.5	4
42.08	40.08	4
43.87	41.32	4
43.78	41.44	4
43.03	41.81	4
45.65	41.96	4
43.12	38.1	4
42.5	38.36	4
44.83	38.5	4
44.55	39.67	4
46.27	40.08	4
43.7	40.52	4
44.12	40.85	4
51.74	40.95	4
47.03	41.5	4
46.5	38.92	4
43.68	39.85	4
45.77	40.38	4
46.67	40.98	4
46.22	39.85	4
45.18	40.1	4
43.16	41.81	4
46.33	40.4	4
44.38	40.75	4
43.58	40.86	4
45.51	41.78	4
47.83	39.29	4
46.38	40.9	4
42.5	36.36	4
43.17	37.77	4
45.07	38.93	4
49.14	40.26	4
43.58	40.28	4
48.38	41.37	4
47.58	41.67	4
42.79	41.51	4
42.63	41.78	4
44	38.75	4
44.53	39	4
42.83	39.07	4
47.17	39.85	4
47.52	40.27	4
59.03	33.07	4
57.62	37.1	4
45.07	39.43	4
43.92	40.95	4
45.78	41.94	4
47.6	41.2	4
43.34	35.95	4
57.05	36.69	4
43.63	39.78	4
43.88	40.85	4
43.89	41.16	4
45.63	39.92	4
46.83	40.83	4
45.03	40.26	4
44.38	40.73	4
44.4	40.75	4
45.26	40.92	4
48.84	41.18	4
45.33	40.14	4
52.84	33.65	3.99
52.31	33.72	3.99
51.68	35.69	3.99
45.75	35.82	3.99
56.35	37.01	3.99
46.84	37.99	3.99
45.37	34.16	3.99
59.66	34.48	3.99
49.79	32.46	3.99
49.07	32.05	3.99
56.6	37.51	3.99
44.36	39.43	3.99
45.18	38.57	3.99
49.82	32.72	3.99
57.38	34.63	3.99
54.86	40.04	3.99
55.6	37.67	3.99
49.85	32.43	3.99
45.18	38.77	3.99
52.54	34.36	3.99
55.52	32.27	3.99
57.5	37.8	3.99
49.24	37.62	3.99
48.92	35.72	3.99
48.51	34.03	3.99
45.23	38.48	3.99
50.73	32.01	3.99
58.4	35.61	3.99
46.53	33.27	3.99
48.88	39.78	3.99
49.92	32.69	3.99
50.43	36.17	3.99
54.1	37.34	3.99
45.83	33.14	3.99
55.38	36.87	3.99
48.94	35.69	3.99
48.52	37.35	3.99
46.94	32.25	3.99
58.45	34.73	3.99
48.05	33.77	3.99
57.21	36.38	3.99
55.29	33.4	3.99
47.58	35.46	3.99
56.17	32.57	3.99
47.49	34.05	3.99
47.92	34.68	3.99
58.02	34.9	3.99
49.99	32.23	3.99
56.98	35.19	3.99
55.77	32.03	3.99
47.77	32.5	3.99
49	35.82	3.99
48.87	33.16	3.99
56.55	37.23	3.99
51.71	32.78	3.99
56.36	32.19	3.99
53.17	40.03	3.99
54.51	34.32	3.99
58.81	35.38	3.99
56.09	36.92	3.99
50.03	40.56	3.99
48.86	33.16	3.99
52.71	34.78	3.99
58.45	34.11	3.99
57.4	36.44	3.99
53.3	35.96	3.99
59.32	37.25	3.99
52.06	36.1	3.99
55.79	32.33	3.99
50.25	32	3.99
56.98	37.36	3.99
53.95	36.96	3.99
45.09	38.71	3.99
54.19	36.29	3.99
59.66	33.07	3.99
55.43	32.43	3.99
52.02	40.5	3.99
55.151	36.861	3.99
48.417	38.544	3.962
51.025	40.313	3.962
60.207	32.84	3.962
59.378	32.62	3.962
53.156	35.052	3.962
49.333	39.786	3.962
52.184	35.838	3.962
49.775	32.202	3.962
48.345	39.863	3.962
43.788	40.783	3.962
49.161	32.012	3.962
46.354	40.845	3.962
46.568	34.086	3.962
54.69	40.263	3.962
57.012	36.613	3.962
48.558	33.956	3.962
58.606	35.458	3.962
52.66	35.996	3.962
46.15	41.66	3.962
43.34	41.99	3.962
58.741	33.887	3.962
51.402	41.73	3.962
45.5	40.96	3.962
47.14	34.47	3.962
43.002	39.49	3.96
42.595	36.374	3.96
43.83	41.23	3.9
43.98	41.35	3.9
42.08	41.78	3.9
42.15	41.8	3.9
46.4	41.9	3.9
43.9	41.25	3.9
43.93	41.93	3.9
46.05	41.3	3.9
45.83	41.85	3.9
46.2	41.22	3.9
44.42	41.5	3.9
44.37	41.68	3.9
42.18	41.75	3.9
44.73	41.42	3.9
44.87	41.47	3.9
42.08	41.93	3.9
43.88	41.17	3.9
43.47	41.45	3.9
43.83	41.82	3.9
43.85	41.42	3.9
44.05	41.45	3.9
44.55	41.45	3.9
45.75	41.97	3.9
44.27	41.68	3.9
44.42	41.6	3.9
43.8	41.95	3.9
42.23	41.89	3.9
44.36	41.6	3.9
43.52	41.45	3.9
43.94	41.35	3.9
44.73	41.61	3.9
46.15	41.23	3.9
43.71	41.33	3.9
43.16	41.67	3.9
45.9	41.79	3.9
45.51	41.82	3.9
43.68	42	3.9
48.83	32.5	3.889
54.56	36.5	3.889
55.63	32.1	3.889
57.54	38.15	3.889
44.58	38.94	3.889
48.75	35.72	3.889
47.3	40.2	3.889
53.87	33.94	3.889
45.53	33.66	3.889
48.92	35.66	3.889
50.45	35.98	3.889
49.58	32.59	3.889
49	35.71	3.889
48.49	32.71	3.889
48.22	38.38	3.889
53.82	35.95	3.889
46.3	32.95	3.889
56.16	32.63	3.889
59.09	35.17	3.889
46.36	38.2	3.889
46.78	40.25	3.889
42.61	37.15	3.889
47.62	33.48	3.889
47.17	33.31	3.889
54.38	33.68	3.889
48.59	32.56	3.889
60.11	33.04	3.889
51.88	39.76	3.889
54.78	37.08	3.889
55.9	37.72	3.889
47.28	32.31	3.889
51.57	35.47	3.889
48.48	33.89	3.889
49.05	32.26	3.889
43.47	37.72	3.889
59.52	37.06	3.889
51.27	40.68	3.889
50.83	34.48	3.889
49.78	33.4	3.889
49.94	34.96	3.889
47.67	33.27	3.889
55.88	37.64	3.889
48.6	37.61	3.889
43.31	39.12	3.889
48.5	38.35	3.889
48.9	32.66	3.889
55.63	36.56	3.889
59.39	33.59	3.889
43.73	39.54	3.889
55.23	36.8	3.889
49.17	32.07	3.889
60.74	35.1	3.889
57.18	37.31	3.889
45.24	37.18	3.889
54.44	34.31	3.889
49.02	33.47	3.889
57.24	37.54	3.889
48.73	38.77	3.889
44.72	38.74	3.889
58.44	32.05	3.889
47.28	37.9	3.889
56.52	35.62	3.889
60.41	33.02	3.889
57.75	37.49	3.889
48.39	37.63	3.889
54.84	36.69	3.889
52.52	34.85	3.889
46.83	38.44	3.889
46.82	38.44	3.889
43.44	38.93	3.889
48.14	34.12	3.889
49.77	32.3	3.889
59.4	36.73	3.889
51.17	34.18	3.889
53.6	35.87	3.889
53.851	39.866	3.889
45.106	34.855	3.889
51.988	40.149	3.889
53.175	35.274	3.889
53.69	36.73	3.875
47.935	38.086	3.875
44.45	41.36	3.875
46.559	34.483	3.875
45.14	41.66	3.875
49.702	41.155	3.875
46.268	41.443	3.875
43.421	40.895	3.875
44.457	41.367	3.875
51.62	35.61	3.875
52.57	35.97	3.875
52.25	35.12	3.875
43.344	41.707	3.875
46.71	40.68	3.875
43.73	40.67	3.875
44.37	41.9	3.875
52.862	41.184	3.875
48.8	32.97	3.875
44.45	41.36	3.875
44.559	38.543	3.833
42.511	36.968	3.833
42.44	40.297	3.833
43.31	37.804	3.833
46.917	39.937	3.788
46.499	39.904	3.788
44.141	41.943	3.788
52.11	35.33	3.788
46.333	41.737	3.788
44.343	39.249	3.788
53.691	34.889	3.788
56.272	35.095	3.788
45.296	34.075	3.788
48.738	39.814	3.788
53.278	35.658	3.788
45.599	36.879	3.788
42.45	41.9	3.788
51.471	41.044	3.788
43.71	40.03	3.788
43.761	38.959	3.788
50.826	40.351	3.788
47.83	37.77	3.788
48.76	32.61	3.788
48.54	33.38	3.788
52.12	35.53	3.788
53.25	39.08	3.788
50.56	34.65	3.788
47.06	32.84	3.788
49.42	36.86	3.788
46.33	35.29	3.788
55.17	40.12	3.788
54.98	32.07	3.788
53.7	36.13	3.788
48.01	39.88	3.788
45.59	34.42	3.788
45.47	34.67	3.788
47.49	35.07	3.788
59.46	32.45	3.788
44.91	38.53	3.788
49.52	32.43	3.788
45.66	35.26	3.788
44.85	39.08	3.788
54.49	36.73	3.788
54.13	36.43	3.788
46.91	32.25	3.788
46.01	38.86	3.788
44.61	39.33	3.788
51.32	36.37	3.788
52.26	34.3	3.788
53.04	34.73	3.788
49.96	37.2	3.788
60.13	35.02	3.788
52.12	39.75	3.788
50.48	39.41	3.788
46.29	40.04	3.788
48.88	33.75	3.788
55.78	32	3.788
52.55	35.7	3.788
54.85	36.61	3.788
57.05	36.84	3.788
45.84	33.63	3.788
53.52	39.97	3.788
59.65	34.83	3.788
60	34.82	3.788
46.47	32.31	3.788
59.93	34.18	3.788
46.94	37.9	3.788
54.52	37.15	3.788
51.84	36.4	3.788
57.04	36.3	3.788
54.31	39.28	3.788
59.9	33.81	3.788
56.86	33.72	3.788
48.16	34.25	3.788
48.68	33.59	3.788
52.07	39.6	3.788
45.59	36.29	3.788
49.18	33.55	3.788
48.63	33.17	3.788
52.41	33.56	3.788
55.87	37.67	3.788
49.15	40.25	3.788
51.92	40.55	3.788
47.86	37.51	3.788
55.26	37.04	3.788
53.13	34.99	3.788
49.92	35.59	3.788
50.3	37.02	3.788
48.7	37.5	3.788
48.02	33.81	3.788
51.87	35.8	3.788
49.03	38.78	3.788
47.31	33.56	3.788
54.94	36.66	3.788
49.11	38.86	3.788
48.29	33.53	3.788
56.12	36.86	3.788
52.45	35.79	3.788
48.44	32.58	3.788
56.12	37.43	3.788
52.62	35.46	3.788
56.05	36.93	3.788
54.68	36.2	3.788
56.31	37.44	3.788
48.09	34.33	3.788
55.71	37.09	3.788
53.95	36.46	3.788
50.3	37.11	3.788
52.29	35.33	3.788
55.61	37.21	3.788
49	32.38	3.788
45.51	37.18	3.788
51	36.83	3.788
49.97	32.75	3.788
49.99	34.95	3.788
55.68	38.58	3.788
53.25	35.29	3.788
54.594	34.255	3.788
42.983	38.678	3.788
49.716	35.022	3.788
53.22	34.776	3.788
59.718	35.033	3.788
43.77	38.781	3.706
42.496	38.714	3.706
41.57	39.079	3.706
43.03	39.159	3.706
49.469	32.234	3.706
43.192	37.869	3.706
42.61	37.47	3.706
42.192	38.61	3.706
41.516	39.091	3.706
43.4	36.643	3.706
51.79	34.23	3.701
44.502	35.049	3.701
52.791	40.759	3.701
44.13	40.72	3.701
45.967	41.458	3.701
51.42	35.22	3.701
51.85	35.93	3.701
43.29	41.76	3.701
42.465	40.69	3.701
53.03	34.99	3.687
57.14	36.18	3.687
48.03	34.27	3.687
46.66	34.87	3.687
49.82	32.84	3.687
46.51	34.65	3.687
48.199	34.328	3.687
49.331	36.019	3.687
51.024	34.471	3.687
50.509	32.404	3.687
47.88	34.412	3.687
52.918	36.311	3.687
51.08	32.01	3.687
48.88	32.04	3.687
49.74	37.06	3.687
46.93	37.86	3.687
48.61	39.69	3.687
55.52	35.93	3.687
48.57	38.86	3.687
48.69	33.29	3.687
44.48	39.48	3.687
57.13	38.17	3.687
46.22	34.28	3.687
44.74	38.89	3.687
50.48	34.6	3.687
47.19	37.96	3.687
51.77	39.05	3.687
48.51	32.61	3.687
48.84	32.42	3.687
54.39	36.45	3.687
53.11	35.34	3.687
44.48	39.19	3.687
45.09	40.03	3.687
48.38	38.93	3.687
50.89	33.44	3.687
50.97	39.47	3.687
49.37	35.61	3.687
56.9	33.93	3.687
43.74	39.11	3.687
49.92	32.27	3.687
49.77	40.51	3.687
54.64	34.84	3.687
46.12	35.11	3.687
46.93	34.12	3.687
54.22	36.19	3.687
44.72	39.03	3.687
44.91	35.66	3.687
49.1	35.68	3.687
44.89	38.52	3.687
48.98	33.67	3.687
46.53	35.24	3.687
50.23	32.26	3.687
56.93	33.1	3.687
49.82	38.68	3.687
46.97	33.01	3.687
57.14	38.18	3.687
53.57	39.63	3.687
55.02	36.81	3.687
56.28	33.54	3.687
57.89	36.45	3.687
56.43	37.2	3.687
52.6	35.77	3.687
48.27	38.69	3.687
43.64	39.17	3.687
48.3	33.21	3.687
46.96	34.04	3.687
58.41	37.79	3.687
59.69	36.78	3.687
52.11	34.54	3.687
48.98	35.79	3.687
52.78	35.93	3.687
50.17	37.13	3.687
57.45	34.95	3.687
53.74	34.11	3.687
57.72	37.96	3.687
59.35	33.99	3.687
55.98	32.14	3.687
44.5	39.06	3.687
60.15	32.33	3.687
57.01	34.23	3.687
45.68	36.2	3.687
43.78	36.48	3.687
50	35.55	3.687
57	37.67	3.687
49.9	33.6	3.687
53.43	35.68	3.687
48.73	33.84	3.687
56.11	32.14	3.687
58.51	32.47	3.687
49.62	32.75	3.687
44.7	37.94	3.687
53.17	35.97	3.687
51.94	35.77	3.687
44.65	39.35	3.687
59.84	32.2	3.687
58.41	35.33	3.687
55.62	36.97	3.687
46.77	34.07	3.687
49.7	35.61	3.687
53.78	35.97	3.687
50.25	32.31	3.687
43.04	38.75	3.687
50.74	32.08	3.687
58.95	35.16	3.687
55.77	38.54	3.687
44.89	38.44	3.687
48.2	32.74	3.687
58.91	34.06	3.687
49.04	32.97	3.687
48.7	38.45	3.687
47.8	40.3	3.687
57.48	33.33	3.687
59.16	37.27	3.687
51.33	34.47	3.687
59.71	33.98	3.687
59.171	33.396	3.687
46.688	38.423	3.687
43.976	39.357	3.687
48.846	37.519	3.687
58.322	33.039	3.687
50.555	35.608	3.614
50.47	36.61	3.614
44.33	41.5	3.614
43.05	41.19	3.614
43.37	41.12	3.614
44.59	41.38	3.614
47.24	41.71	3.614
45.03	41	3.614
44.56	41.36	3.614
44.83	40.75	3.614
42.226	40.381	3.614
50.4	32.57	3.586
52	36.3	3.586
50.693	34.209	3.586
54.68	37.45	3.586
56.49	36.56	3.586
42.043	38.448	3.586
50.08	32.57	3.586
47.52	35.44	3.586
48.52	38.94	3.586
44.73	37.11	3.586
49.02	32.35	3.586
48.03	38.07	3.586
57.45	32.23	3.586
45.8	35.91	3.586
57.25	33.46	3.586
46.84	38	3.586
53.13	34.56	3.586
48.46	32.69	3.586
47.14	34.14	3.586
53.53	36.07	3.586
47.78	38.13	3.586
48.49	34.08	3.586
50.56	39.73	3.586
46.92	35.36	3.586
48.53	39.68	3.586
49.24	36.7	3.586
58.4	33.08	3.586
49.52	37.8	3.586
48.76	32.34	3.586
56.48	33.87	3.586
56.24	37.91	3.586
41.92	39.14	3.586
45.46	38.58	3.586
49.46	35.69	3.586
47.15	32.66	3.586
48.32	33.26	3.586
48.1	32.74	3.586
54.43	36.93	3.586
54.53	36.66	3.586
53.06	36.25	3.586
53.68	36.19	3.586
60.15	34.7	3.586
49.97	32.68	3.586
44.75	37.59	3.586
59.27	35.69	3.586
48.91	35.68	3.586
56.59	32.89	3.586
47.05	34.01	3.586
45.22	38.51	3.586
52.81	39.58	3.586
50.98	40.66	3.586
61.02	33.62	3.586
48.75	37.64	3.586
45.12	34.88	3.586
45.35	36.68	3.586
46.96	40.42	3.586
56.73	38	3.586
49.4	35.58	3.586
55.97	37.15	3.586
60.26	33.16	3.586
50.09	39.57	3.586
53.37	35.89	3.586
44.48	39.12	3.586
54.7	37.28	3.586
45.46	38.58	3.586
44.83	38.84	3.586
54.77	37.32	3.586
57.97	35.68	3.586
46.04	33.15	3.586
53.53	39.96	3.586
51.83	40.74	3.586
52.88	36.72	3.586
55.4	36.85	3.586
45.23	34.76	3.586
52.05	35.19	3.586
44.24	38.47	3.586
47.81	38.24	3.586
54.47	37.31	3.586
56.4	34.94	3.586
54.26	35.82	3.586
48.06	32.57	3.586
44.21	39.1	3.586
57.03	37.42	3.586
56.61	34	3.586
52.12	36	3.586
53.75	36.05	3.586
46.5	40.19	3.586
47.21	35.14	3.586
48.99	32.36	3.586
49.56	37.55	3.586
49.78	36.7	3.586
46.9	35.04	3.586
45.29	36.88	3.586
49	33.08	3.586
48.09	34.03	3.586
51.99	40.47	3.586
51.95	35.34	3.586
47.76	32.91	3.586
49.64	32.53	3.586
48.13	38.08	3.586
46.4	34.08	3.586
54.96	38.48	3.586
48.99	32.6	3.586
48.86	35.76	3.586
58.65	36.69	3.586
53.96	39.88	3.586
55	36.7	3.586
48.72	33.66	3.586
52.82	35.93	3.586
50.52	37.08	3.586
49.44	36.89	3.586
46.7	38.46	3.586
56.08	32.12	3.586
52.85	36.87	3.586
50.47	32.36	3.586
48.69	32.37	3.586
48.43	37.64	3.586
52.854	35.909	3.586
48.46	32.164	3.586
53.567	36.081	3.586
49.688	32.627	3.586
48.211	32.048	3.586
50.06	32.636	3.586
43.501	39.839	3.579
44.625	37.876	3.579
42.148	37	3.579
43.89	39.483	3.579
43.732	37.592	3.579
42.615	38.674	3.579
42.079	38.077	3.579
42.406	37.017	3.579
42.294	36.599	3.579
44.91	41.73	3.527
46.62	34.98	3.485
53.92	35.16	3.485
53.5	36.02	3.485
56.49	35.66	3.485
49.641	33.114	3.485
49.921	32.641	3.485
52.665	36.682	3.485
52.784	35.581	3.485
50.925	34.92	3.485
49.9	37.45	3.485
43.702	37.48	3.485
45.43	33.981	3.485
52.66	35.91	3.485
48.55	38.56	3.485
44.81	36.63	3.485
47.57	32.28	3.485
53.25	35.51	3.485
51.4	40.5	3.485
48.36	32.84	3.485
51.09	34.47	3.485
44.66	39.41	3.485
48.94	33.83	3.485
55.56	32.25	3.485
59.37	32.45	3.485
46.63	33.31	3.485
57.84	35.56	3.485
50.14	34.88	3.485
48.95	34.43	3.485
45.3	34.67	3.485
54.44	36.89	3.485
47.26	33.6	3.485
53.23	35.17	3.485
47.45	38.32	3.485
55.38	36.76	3.485
48.92	33	3.485
54.35	36.06	3.485
52	36.54	3.485
49.09	37.59	3.485
56.48	36.93	3.485
54.99	36.55	3.485
55.91	32.03	3.485
55.23	37.95	3.485
50.47	32.12	3.485
55.89	32.22	3.485
49	32.26	3.485
60.71	34.71	3.485
49.24	32.7	3.485
50.11	34.29	3.485
48.56	37.66	3.485
53.15	36.01	3.485
48.09	32.63	3.485
52.31	40.33	3.485
48.42	39.54	3.485
47.41	32.88	3.485
44.86	37.26	3.485
44.46	37.53	3.485
50.24	32.29	3.485
47.63	37.21	3.485
48.93	35.74	3.485
45.39	38.79	3.485
52.64	34.92	3.485
54.86	35.12	3.485
48.84	32.4	3.485
57.17	34.59	3.485
52.69	35.18	3.485
46.49	33.72	3.485
45.43	36.13	3.485
45.65	33.85	3.485
48.86	32.34	3.485
43.59	38.84	3.485
58.8	35.06	3.485
53.88	36.28	3.485
54.35	37.07	3.485
48.8	33.68	3.485
58.57	35.16	3.485
48.71	38.65	3.485
56.38	32.82	3.485
48.46	32.88	3.485
48.65	38.51	3.485
47.14	32.28	3.485
55.23	36.82	3.485
59.94	35.18	3.485
55.02	36.71	3.485
55.66	32.26	3.485
47.35	33.58	3.485
59.27	32.09	3.485
53.42	35.9	3.485
56.18	32.11	3.485
54.41	34.22	3.485
48.34	34.29	3.485
47.73	32.53	3.485
54.02	35.99	3.485
54.22	33.85	3.485
48.31	33.37	3.485
51.82	39.66	3.485
49.67	33.08	3.485
51.48	35.06	3.485
48.25	37.83	3.485
48.66	32.47	3.485
57.72	36.41	3.485
53.36	35.95	3.485
47.94	39.52	3.485
57.4	35.49	3.485
45.28	39.28	3.485
47.8	34.23	3.485
57.27	36.96	3.485
48.87	33.92	3.485
47.52	37.9	3.485
44.41	38.66	3.485
46.3	34.6	3.485
47.34	33.4	3.485
47.96	37.94	3.485
52.5	34.44	3.485
57.09	37.25	3.485
55.28	37.41	3.485
47.46	33.4	3.485
46.58	35.32	3.485
58.97	36.16	3.485
56.04	38.14	3.485
48.33	38.12	3.485
55.39	36.85	3.485
48.63	34.03	3.485
47.29	33.34	3.485
48.54	38.5	3.485
48.78	33.96	3.485
47.81	37.77	3.485
57.87	37.02	3.485
48.59	32.53	3.485
51.91	34.82	3.485
53.17	35.48	3.485
57.11	33.6	3.485
48.39	32.78	3.485
56.94	35.17	3.485
46.94	32.52	3.485
47.43	33.46	3.485
47.75	32.83	3.485
49.8	32.23	3.485
49.7	35.54	3.485
61.04	34.23	3.485
51.67	36.52	3.485
46.52	32.98	3.485
55.5	36.41	3.485
47.51	33.58	3.485
48.08	33.85	3.485
49.18	33.55	3.485
59.78	34	3.485
50.16	33.42	3.485
54.47	37.26	3.485
47.03	33.57	3.485
61	35.38	3.485
46.6	33.82	3.485
59.96	32.59	3.485
53.64	35.94	3.485
50.51	36.94	3.485
53.81	35.23	3.485
44.82	37.45	3.485
60.4	32.72	3.485
47.38	33.99	3.485
56.27	36.65	3.485
54.67	36.71	3.485
56.93	38.16	3.485
54.52	35.41	3.485
48.47	37.66	3.485
51.55	39.15	3.485
54.25	35.35	3.485
49.96	34.88	3.485
50.53	32.06	3.485
57.67	35.65	3.485
56.4	32.33	3.485
46.65	37.9	3.485
54.12	33.25	3.485
48.3	32.84	3.485
60.612	33.666	3.485
44.601	37.215	3.485
56.659	37.251	3.485
50.541	36.902	3.485
46.762	38.394	3.485
53.167	36.06	3.485
42.973	38.252	3.452
43.187	38.995	3.452
43.927	39.158	3.452
43.175	39.433	3.452
42.542	37.791	3.452
44.894	38.294	3.452
42.552	40.149	3.452
42.737	37.377	3.452
41.526	39.971	3.452
44.8	41.65	3.44
47.61	34.49	3.384
45.601	33.639	3.384
50.93	33.15	3.384
51.87	35.016	3.384
51.698	34.35	3.384
49.037	33.628	3.384
49.899	34.249	3.384
49.52	37.03	3.384
48.09	34.33	3.384
50.61	39.17	3.384
53.29	35.91	3.384
55.49	37.26	3.384
47.15	33.9	3.384
46.88	35.47	3.384
48.85	35.59	3.384
49.76	32.56	3.384
49.91	35.58	3.384
55.06	32.16	3.384
54.81	32.59	3.384
48.9	35.62	3.384
46.08	39.56	3.384
51.97	37.61	3.384
57.05	37.4	3.384
53.33	34.81	3.384
48.72	32.75	3.384
49	32.73	3.384
50.16	32.05	3.384
50.99	35.37	3.384
46.29	35.7	3.384
47.09	37.39	3.384
50.11	32.38	3.384
54.93	37.41	3.384
55.71	36.69	3.384
55.25	32.5	3.384
51.47	39.41	3.384
54.49	36	3.384
55.41	32.19	3.384
48.35	32.68	3.384
51.77	35.3	3.384
47.99	37.67	3.384
54.99	32.8	3.384
52.05	35.71	3.384
48.38	38.06	3.384
55.52	32.21	3.384
55.27	36.71	3.384
51.56	36.55	3.384
50.57	33.39	3.384
53.11	35.01	3.384
53.43	34.98	3.384
52.75	34.96	3.384
52.31	35.93	3.384
47.62	32.36	3.384
49.03	33.62	3.384
50.3	39.94	3.384
50.96	33.29	3.384
48.64	32.48	3.384
52.49	34.9	3.384
49.93	36.65	3.384
51.49	35.2	3.384
52.48	35.99	3.384
43.96	37.72	3.384
56.57	37.47	3.384
59.21	33.55	3.384
47.9	33.27	3.384
56.13	32.18	3.384
55.75	36.59	3.384
53.93	36.69	3.384
51.58	36.3	3.384
59.55	32.43	3.384
53.01	35.32	3.384
54.5	37.1	3.384
46.09	33.51	3.384
47.81	33.07	3.384
52.06	34.54	3.384
51.02	32.08	3.384
46.78	35.22	3.384
46.88	33.51	3.384
57.47	37.88	3.384
46.03	34.54	3.384
47.89	39.33	3.384
48.68	32.07	3.384
59.25	35.96	3.384
46.28	33.03	3.384
54.04	37.47	3.384
54.68	36.46	3.384
57.77	37.25	3.384
53.65	38.94	3.384
46.4	34.95	3.384
59.28	35.51	3.384
59.74	34.69	3.384
47.14	35.03	3.384
53.27	36.01	3.384
45.56	35.88	3.384
46.56	33.92	3.384
53.3	33.5	3.384
50.19	37.34	3.384
48.64	38.07	3.384
55.06	36.74	3.384
52.71	35.71	3.384
47.9	40.2	3.384
55.75	32.26	3.384
51.53	32.82	3.384
45.37	38.59	3.384
56.86	33.75	3.384
49.03	35.7	3.384
50.14	36.74	3.384
51.42	34.42	3.384
52.96	40.48	3.384
54.17	37.32	3.384
47.41	41.04	3.384
57.13	38.06	3.384
47.28	35.06	3.384
50.02	36.69	3.384
59.1	35.06	3.384
48.6	37.86	3.384
46.18	40.13	3.384
58.19	36.45	3.384
47.27	32.26	3.384
45.61	34.22	3.384
60.23	33.08	3.384
51.27	34.51	3.384
54.47	35.48	3.384
43.97	38.72	3.384
52.74	34.83	3.384
53.9	36.06	3.384
48.5	38.65	3.384
56.75	33.77	3.384
58.5	34.95	3.384
49.24	32.7	3.384
48.56	33.76	3.384
56.86	33.44	3.384
54.7	35.32	3.384
46.24	33.47	3.384
60.13	32.24	3.384
47.23	32.47	3.384
48.86	33.91	3.384
54.48	36.41	3.384
52.31	35.35	3.384
49.25	33.39	3.384
58.49	35.61	3.384
48.24	34.32	3.384
57.42	33.4	3.384
55.65	32.47	3.384
47.67	32.1	3.384
48.99	33.41	3.384
59.56	37.09	3.384
53.31	34.07	3.384
51.82	35.39	3.384
59.64	32.23	3.384
53.7	33.98	3.384
58.44	33.19	3.384
57.6	37.75	3.384
53.2	35.32	3.384
51.95	34.83	3.384
53.96	37.15	3.384
47.33	34.74	3.384
48.56	38.66	3.384
49.87	36.6	3.384
48.85	32.54	3.384
47.7	34.6	3.384
58.44	36.84	3.384
52.48	35.79	3.384
54.69	36.64	3.384
57.7	36.2	3.384
59.88	33.7	3.384
50.44	34.61	3.384
46.96	38.36	3.384
48.5	34.04	3.384
57.47	37.28	3.384
58.39	36.14	3.384
56.02	37.03	3.384
48.85	33.23	3.384
55.47	36.98	3.384
48.94	37.26	3.384
52.94	35.93	3.384
47.447	33.464	3.384
53.223	35.002	3.384
48.979	32.2	3.384
59.344	34.094	3.384
48.42	38.047	3.384
43.48	41.08	3.353
52.29	35.04	3.353
45.16	41.33	3.353
41.621	38.981	3.325
42.407	39.103	3.325
41.654	38.949	3.325
42.296	38.979	3.325
43.643	40.174	3.325
43.211	38.218	3.325
41.905	39.591	3.325
42.619	38.85	3.325
42.844	39.884	3.325
41.946	40.037	3.325
42.73	38.207	3.325
43.923	38.709	3.325
44.687	39.304	3.325
42.201	39.171	3.325
44.491	38.993	3.325
48.46	32.79	3.283
49.75	33.09	3.283
46.23	33.34	3.283
46.99	32.78	3.283
48.89	32.42	3.283
49.056	32.544	3.283
54.29	37.24	3.283
50.97	32.14	3.283
47.84	38.03	3.283
53.96	35.53	3.283
50.368	32.164	3.283
50.038	33	3.283
42.93	33.83	3.283
48.007	34.211	3.283
46.25	36.32	3.283
46.98	32.35	3.283
50.83	36.84	3.283
49.89	33.02	3.283
54.85	36.89	3.283
44.83	34.91	3.283
47.69	32.76	3.283
46.23	33.07	3.283
55.53	32.55	3.283
45.66	38.23	3.283
54.06	35.2	3.283
56.47	32.14	3.283
49.53	32.21	3.283
49.6	32.65	3.283
45.93	35.15	3.283
50.32	32.31	3.283
48.68	33.93	3.283
48.99	35.67	3.283
52	35.2	3.283
48.94	39.23	3.283
50.88	36.83	3.283
49.75	34.42	3.283
48.82	37.22	3.283
44.45	38.83	3.283
45.52	38.42	3.283
50.95	36.54	3.283
46.77	32.23	3.283
57.83	36.56	3.283
48.86	35.73	3.283
49.77	35.18	3.283
49.7	33.07	3.283
47.49	32.88	3.283
48.79	32.68	3.283
54.68	36.13	3.283
54.49	37.47	3.283
46.85	38.31	3.283
51.78	36.46	3.283
54.26	34.75	3.283
47.66	34.71	3.283
54.64	36.23	3.283
48.05	38.37	3.283
46.02	33.66	3.283
58.71	32.18	3.283
45.5	34.27	3.283
55.24	36.83	3.283
48.15	32.82	3.283
48.73	32.1	3.283
53.75	36.15	3.283
52.71	34.97	3.283
51.67	32.96	3.283
56.96	33.83	3.283
55.32	37.01	3.283
48.55	38.54	3.283
51.6	35.16	3.283
54.64	37.17	3.283
51.88	36.33	3.283
47.9	34.72	3.283
54.83	35.09	3.283
49.52	32.02	3.283
45.34	38.43	3.283
49.31	34.92	3.283
59.44	36.91	3.283
59.92	34.52	3.283
54.41	37.19	3.283
55.57	36.71	3.283
50.6	34.59	3.283
55.59	32.4	3.283
52.28	35.19	3.283
48.47	32.14	3.283
54.17	37.4	3.283
56.09	37.06	3.283
48.58	38.5	3.283
56.17	38.2	3.283
55.8	32.12	3.283
58.34	37.71	3.283
50.77	36.51	3.283
49.03	32.37	3.283
53.65	35.93	3.283
53.78	34.78	3.283
47.71	34.52	3.283
54.96	32.15	3.283
50.84	36.96	3.283
46.99	34.96	3.283
55.42	37.13	3.283
60.31	33.91	3.283
49.01	32.24	3.283
48.43	37.61	3.283
57.92	35.55	3.283
49.61	33.43	3.283
57.9	36.21	3.283
59.4	35.44	3.283
55.68	37.51	3.283
57.06	34.14	3.283
54.13	36.89	3.283
48.16	37.37	3.283
53.22	37.27	3.283
50.85	39.05	3.283
49.88	32.75	3.283
54.69	36.8	3.283
59.94	32.59	3.283
48.89	35.79	3.283
47.52	40.91	3.283
49.85	32.83	3.283
57.34	33.48	3.283
48.67	32.51	3.283
49.49	37.53	3.283
47.38	33.43	3.283
48.85	33.72	3.283
58.22	38.24	3.283
53.22	35.77	3.283
49.07	32.35	3.283
57.43	37.86	3.283
58.42	32.15	3.283
49.01	35.78	3.283
49.07	33.56	3.283
53.37	34.86	3.283
54.92	36.66	3.283
49.01	33.56	3.283
58.78	33.52	3.283
45.61	36.12	3.283
54.55	37.12	3.283
56.02	32.67	3.283
47.31	34.3	3.283
54.58	34.12	3.283
50.13	34.92	3.283
49.22	38.1	3.283
47.41	33.96	3.283
54.64	34.31	3.283
49.15	33.57	3.283
49.28	39.38	3.283
56.45	32.1	3.283
52.7	36.37	3.283
52.78	35.91	3.283
59.18	35.03	3.283
47.26	37.84	3.283
55.83	36.98	3.283
53.12	35.82	3.283
52.6	34.84	3.283
44.94	38.56	3.283
55.62	32.16	3.283
59.67	33.54	3.283
53.55	35.09	3.283
49.63	37.14	3.283
54.11	36.55	3.283
55.33	32.5	3.283
48.81	37.64	3.283
58.68	35.94	3.283
55.41	32.37	3.283
50.82	34.52	3.283
60.28	33.05	3.283
52.96	35.93	3.283
47.73	37.24	3.283
47.48	33.46	3.283
56.89	32.42	3.283
54.87	36.74	3.283
50.8	34.46	3.283
49.04	37.87	3.283
47.81	34.78	3.283
48.25	33.89	3.283
48.82	37.43	3.283
50.01	35.69	3.283
57.67	35.64	3.283
51.64	36.05	3.283
54.97	32.9	3.283
50.22	37.16	3.283
52.9	36.09	3.283
48.773	37.526	3.283
57.197	33.965	3.283
58.981	35.174	3.283
51.355	38.917	3.283
45.977	33.613	3.283
48.316	34.175	3.283
50.667	34.533	3.283
48.626	37.521	3.283
44.46	40.86	3.266
43.118	38.642	3.198
42.814	40.105	3.198
43.793	38.605	3.198
42.687	40.187	3.198
43.025	38.501	3.198
42.078	39.248	3.198
43.688	39.388	3.198
43.012	38.782	3.198
43.012	38.782	3.198
42.996	38.71	3.198
42.097	40.113	3.198
43.65	38.551	3.198
42.893	39.99	3.198
41.674	39.19	3.198
42.434	37.903	3.198
42.656	39.921	3.198
42.592	37.593	3.198
52.53	36.3	3.182
52.12	35.95	3.182
57.49	37.38	3.182
48.933	32.367	3.182
47.659	32.063	3.182
50.978	33.952	3.182
49.496	32.931	3.182
48.797	36.433	3.182
49.666	33.463	3.182
48.603	32.696	3.182
45.583	34.549	3.182
47.091	32.986	3.182
46.13	34.81	3.182
53.38	35.87	3.182
52.99	35.95	3.182
49.622	32.332	3.182
48.39	32.84	3.182
48.86	32.73	3.182
52.32	35.17	3.182
50.36	36.46	3.182
48.9	37.89	3.182
55.83	36.24	3.182
49.84	32.08	3.182
46.89	37.91	3.182
48.29	32.46	3.182
56.03	34.58	3.182
56.78	37.29	3.182
55.48	32.86	3.182
53.76	34.97	3.182
48.44	39.87	3.182
46.45	34.1	3.182
45.8	35.04	3.182
47.08	34.73	3.182
45.21	35.93	3.182
47.87	32.87	3.182
50.17	32.17	3.182
54.71	36.06	3.182
48.91	32.47	3.182
53.03	35.47	3.182
48.57	33.12	3.182
53.99	33.91	3.182
49.83	35.58	3.182
46.17	37.18	3.182
47.77	32.02	3.182
53.38	35.45	3.182
49.89	36.75	3.182
48.6	32.12	3.182
45.56	38.93	3.182
48.31	33.13	3.182
46.99	40.31	3.182
47.3	32.08	3.182
50.17	37.4	3.182
47.15	34.78	3.182
46.88	37.86	3.182
55.54	32.16	3.182
48.58	38.56	3.182
53.01	35.89	3.182
48.93	35.67	3.182
53.02	35.35	3.182
46.84	32.07	3.182
49.85	32.48	3.182
53.69	36.12	3.182
48.56	34.15	3.182
52.76	34.8	3.182
46.69	32.62	3.182
54.88	36.73	3.182
56.55	38.5	3.182
48.76	37.68	3.182
46.63	37.39	3.182
49.45	36.88	3.182
48.28	34.69	3.182
48.81	32	3.182
56.52	37.66	3.182
52	39.54	3.182
49.21	32.28	3.182
49.01	35.7	3.182
52.45	35.43	3.182
54.31	37.56	3.182
52.97	35.09	3.182
48.98	40.01	3.182
48.5	38.54	3.182
52.07	34.17	3.182
50.08	32.03	3.182
51.43	34.05	3.182
55.57	36.73	3.182
47.15	35.12	3.182
46.38	33.14	3.182
46.42	32.97	3.182
48.54	32.56	3.182
57.6	37.18	3.182
50.85	35.27	3.182
45.47	38.61	3.182
53.25	35.93	3.182
48.22	32.5	3.182
48.46	32.64	3.182
54.1	35.54	3.182
53.89	36.1	3.182
46.56	33.86	3.182
54.57	37.28	3.182
58.71	37.03	3.182
54.91	36.92	3.182
48.17	34.71	3.182
56.86	34.82	3.182
49.14	37.16	3.182
56.55	37.12	3.182
50.19	37.37	3.182
44.64	37.36	3.182
44.28	38.63	3.182
49.04	33.75	3.182
54.47	37.23	3.182
50.81	33.35	3.182
48.15	33.22	3.182
48.9	35.78	3.182
56.64	32.78	3.182
52.88	35.88	3.182
47.5	32.83	3.182
48.19	34.29	3.182
49.02	33.55	3.182
49.15	36.58	3.182
47.1	35.49	3.182
57.01	33.71	3.182
45.5	33.9	3.182
44.36	38.72	3.182
52.87	36.54	3.182
54.3	33.76	3.182
58.85	36.9	3.182
54.86	32.42	3.182
61.14	32.24	3.182
57.32	34.07	3.182
45.46	36.2	3.182
55.66	32.17	3.182
59.31	32.22	3.182
49.55	36.87	3.182
55	36.75	3.182
60.32	34.74	3.182
54.98	36.72	3.182
46.3	32.8	3.182
52.14	35.71	3.182
50.85	36.53	3.182
48.42	37.53	3.182
57.45	38.11	3.182
48.59	38.99	3.182
57.46	32.41	3.182
51.96	36.1	3.182
53.24	36.17	3.182
54.86	36.8	3.182
46.56	40.64	3.182
60.18	32.95	3.182
52.65	34.87	3.182
47.81	38.31	3.182
47.3	33.73	3.182
49.37	32.43	3.182
48.9	37.65	3.182
48.8	38.92	3.182
50.1	37.01	3.182
49.04	35.64	3.182
54.83	32.98	3.182
48.36	37.72	3.182
48.84	40.65	3.182
49.07	35.7	3.182
49.24	32.4	3.182
59.89	34.22	3.182
54.88	37.14	3.182
53.9	37.39	3.182
53.13	35.93	3.182
52.99	34.72	3.182
56.61	34.11	3.182
57.1	37.4	3.182
49.19	32.36	3.182
49.45	35.47	3.182
59.7	32.48	3.182
56.29	34.96	3.182
50.06	34.99	3.182
48.58	38.72	3.182
55.53	36.76	3.182
49.38	32.05	3.182
48.22	32.61	3.182
59.51	32.42	3.182
49.39	36.96	3.182
53.08	34.74	3.182
44.66	38.71	3.182
49.89	32.81	3.182
56.34	32.16	3.182
48.45	37.67	3.182
45.46	39.03	3.182
57.42	33.42	3.182
44.47	39.09	3.182
48.43	37.98	3.182
48.99	33.76	3.182
60.28	33.75	3.182
55.05	36.54	3.182
49.41	32.1	3.182
49.4	38.6	3.182
49.13	32.01	3.182
51.73	35.27	3.182
48.53	38.28	3.182
49.62	32.14	3.182
55.6	37.04	3.182
55.28	32.81	3.182
51.01	36.66	3.182
51.12	36.44	3.182
60.09	34.23	3.182
48.84	35.75	3.182
48.02	33.29	3.182
59.47	32.42	3.182
59.77	35.33	3.182
55.31	36.86	3.182
48.8	38.63	3.182
54.94	36.69	3.182
57.16	37.3	3.182
44.43	39.39	3.182
46.89	32.54	3.182
53.83	36.13	3.182
54.29	35.99	3.182
46.84	32.72	3.182
54.27	35.63	3.182
55.78	32.15	3.182
48.62	37.96	3.182
56.86	33.75	3.182
54.58	36.32	3.182
49.46	32.45	3.182
56.55	33.96	3.182
53.81	37.01	3.182
59.44	33.8	3.182
55.7	32.25	3.182
56.95	35.08	3.182
57.94	33.22	3.182
59.81	34.84	3.182
57.531	38.285	3.182
56.15	32.14	3.182
54.989	37.119	3.182
56.325	32.28	3.182
57.366	37.3	3.182
46.943	35.107	3.182
45.125	34.273	3.182
52.467	36.234	3.182
51.033	36.717	3.182
51.952	35.784	3.182
46.991	32.429	3.182
44.98	38.337	3.182
54.802	32.253	3.182
55.303	36.306	3.182
44.731	38.699	3.182
55.04	36.754	3.182
49.61	34.66	3.179
42.789	37.665	3.092
47.65	32.57	3.081
50.04	38.42	3.081
45.32	32.51	3.081
47.099	32.407	3.081
47.591	33.27	3.081
44.207	34.141	3.081
49.09	36.587	3.081
50.561	37.531	3.081
47.176	33.363	3.081
47.097	32.723	3.081
49.972	32.432	3.081
54.57	36.583	3.081
49.52	36.96	3.081
48.02	34.2	3.081
48.28	32.88	3.081
47.07	33.53	3.081
46.62	33.11	3.081
53.25	35.81	3.081
47.95	33.34	3.081
48.03	38.18	3.081
53.11	36.05	3.081
53.1	35.42	3.081
48.43	34.4	3.081
48.92	35.61	3.081
51.68	34.66	3.081
46.95	33.85	3.081
44.94	39.77	3.081
55.43	36.98	3.081
49.64	32.88	3.081
52.17	35.67	3.081
54.51	36.77	3.081
49.69	32.88	3.081
47.43	41.7	3.081
54.21	35.89	3.081
48.2	32.56	3.081
54.04	33.66	3.081
45.28	37.11	3.081
52.39	36.08	3.081
48.37	34.27	3.081
47.87	32.69	3.081
47.12	34.27	3.081
54.2	34.61	3.081
46.13	33.23	3.081
49.71	36.09	3.081
52.25	35.73	3.081
46.12	35.97	3.081
50.08	32.7	3.081
50.16	35.64	3.081
53.11	35.45	3.081
53	36.7	3.081
51.32	36.12	3.081
53.88	37.36	3.081
50.51	37.11	3.081
51.57	35.65	3.081
53.43	37.4	3.081
48.48	34.07	3.081
53.66	39.08	3.081
54.16	36.21	3.081
52.89	36	3.081
54.33	36.88	3.081
48.98	32.14	3.081
50.14	32.05	3.081
54.66	34.84	3.081
49.33	32.77	3.081
51.81	35.32	3.081
47.72	32.39	3.081
46.97	33.48	3.081
48.24	39.21	3.081
54.86	35.25	3.081
49.88	36.54	3.081
54.87	38.36	3.081
50.26	32.31	3.081
49.35	32.07	3.081
47.66	37.68	3.081
52.93	35.31	3.081
52.91	40.18	3.081
56.73	36.55	3.081
51.53	32.8	3.081
52.01	39.54	3.081
54.93	38.25	3.081
47.96	33.64	3.081
52.22	35.97	3.081
46.85	38.52	3.081
48.24	32.77	3.081
47.89	32.76	3.081
46.6	38.87	3.081
49.41	32.03	3.081
44.82	37.3	3.081
54.41	36.95	3.081
57.42	37.21	3.081
55.2	37.3	3.081
44.55	37.65	3.081
50.19	32.06	3.081
48.2	32.65	3.081
48.93	35.74	3.081
59.12	33.48	3.081
50.9	34.46	3.081
52.55	36.4	3.081
47.49	33.46	3.081
48.46	32.5	3.081
54.61	36.55	3.081
54.26	36.71	3.081
51.29	35.4	3.081
56.24	32.16	3.081
48.9	33.62	3.081
59.61	36.73	3.081
47.04	33.45	3.081
53.51	34.99	3.081
56.88	37.48	3.081
58.88	35.49	3.081
50.05	32.51	3.081
55.95	36.47	3.081
56.08	32.18	3.081
55.07	36.85	3.081
47.43	33.45	3.081
52.84	35.4	3.081
46.85	32.82	3.081
45.31	36.81	3.081
48.71	38.79	3.081
48.83	33.83	3.081
47.76	32.52	3.081
54.61	36.32	3.081
49.98	32.22	3.081
57.53	37.82	3.081
49.39	32.17	3.081
46.87	38.74	3.081
56.94	37.26	3.081
59.19	35.16	3.081
55.55	32.33	3.081
52.71	35.43	3.081
52.03	35.28	3.081
55.62	37.04	3.081
46.28	34.44	3.081
48.65	32.52	3.081
54.19	36.4	3.081
56.07	32.17	3.081
52.44	34.54	3.081
48.46	33.05	3.081
48.04	32.77	3.081
49.51	33.01	3.081
49.61	32.62	3.081
49.87	35.61	3.081
53.78	36.03	3.081
57.26	37.27	3.081
56.97	38.25	3.081
46.66	33.13	3.081
57.83	35.74	3.081
50.04	32.69	3.081
50.07	34.99	3.081
56.26	33.66	3.081
52.3	34.33	3.081
53.36	35.4	3.081
49.12	32.1	3.081
52.11	36.56	3.081
47.88	32.93	3.081
50.47	37.34	3.081
48.63	38.64	3.081
55.61	37.1	3.081
60.48	32.1	3.081
57.02	38.34	3.081
47.99	33.22	3.081
47.37	33.81	3.081
51.93	35.25	3.081
48.81	37.46	3.081
45.32	37.2	3.081
48.34	32.39	3.081
52.33	36.18	3.081
54.75	36.76	3.081
46.89	32.77	3.081
47.21	33.43	3.081
54.05	36.33	3.081
54.9	36.63	3.081
54	37.38	3.081
54.32	36.21	3.081
47.84	34.8	3.081
48.52	33.59	3.081
45.87	35.81	3.081
54.48	37.27	3.081
50.01	34.31	3.081
54.53	33.73	3.081
53.07	35.89	3.081
48.16	37.98	3.081
54.87	36.7	3.081
56.99	38.23	3.081
46.34	33.25	3.081
57.39	32.35	3.081
52.89	34.78	3.081
53.7	36.13	3.081
49.31	35.74	3.081
45.9	35.61	3.081
52.12	35.76	3.081
59.4	34.14	3.081
52.8	35.71	3.081
54.4	34.35	3.081
47.5	32.86	3.081
54.95	33.42	3.081
58.49	36.07	3.081
60.09	34.77	3.081
56.65	32.39	3.081
48.15	38.15	3.081
49	33.61	3.081
52.4	36.32	3.081
59.95	35.38	3.081
49.82	32.47	3.081
54.97	36.75	3.081
52.94	36.02	3.081
47.83	37.75	3.081
54.27	36.41	3.081
50.74	36.8	3.081
48.68	32.59	3.081
55.36	37.59	3.081
48.62	32.74	3.081
54.36	37.23	3.081
47.94	33.35	3.081
55.69	32.09	3.081
54.11	36.06	3.081
58.33	36.82	3.081
52.98	34.85	3.081
46.56	33.84	3.081
59.4	32.54	3.081
52.62	35.63	3.081
55.75	32.11	3.081
56.16	32.09	3.081
54.26	36.55	3.081
48.71	32.38	3.081
54.31	32.64	3.081
49.23	32.37	3.081
55.96	32.22	3.081
59.55	32.62	3.081
57.14	33.64	3.081
49.72	36.75	3.081
53.9	35.68	3.081
46.73	37.21	3.081
53.54	36.1	3.081
55.57	32.38	3.081
49.6	32.26	3.081
48.74	32.27	3.081
46.65	38.6	3.081
52.26	35.24	3.081
53.68	36.23	3.081
53.26	34.8	3.081
57.97	35.66	3.081
59.81	34.05	3.081
48.74	38.54	3.081
46.75	35.26	3.081
49.66	32.88	3.081
48.58	34.16	3.081
47.58	37.95	3.081
55.79	32.52	3.081
59.52	32.37	3.081
54.428	36.48	3.081
51.585	36.055	3.081
56.151	32.262	3.081
47.979	37.59	3.081
53.285	35.935	3.081
46.987	37.951	3.081
42.613	39.746	3.071
43.392	39.982	3.071
43.394	39.134	3.071
44.154	35.985	3.071
41.558	38.918	3.071
41.632	37.643	3.071
43.907	39.384	3.071
41.624	39.71	3.071
43.944	38.766	3.071
53.408	35.898	3.071
42.42	38.047	3.071
41.981	37.705	3.071
42.213	39.128	3.071
42.364	37.933	3.071
42.155	38.127	3.071
