10.0	0	0	0	0
765.0	0	0	0	0
840.5	0	0	0	1
943.3	0	0	0	1
943.6	0	0	0	1
1101.0	0	0	0	2
1145.0	0	0	1	2
1209.0	0	0	1	2
1251.0	0	0	2	2
1270.8	0	0	2	3
1389.1	0	0	2	3
1405.9	0	0	2	3
1673.6	0	0	2	4
1695.4	0	0	2	5
1780.0	0	0	2	6
1810.0	0	0	2	7
1833.0	0	0	2	8
1851.4	0	0	2	9
1872.0	0	0	2	9
1879.3	0	0	2	10
1883.3	0	0	3	10
1893.9	0	0	3	10
1895.5	0	0	3	10
1898.9	0	0	3	11
1904.9	0	0	3	12
1907.3	0	0	4	12
1913.3	0	1	4	12
1917.9	0	1	5	12
1923.7	0	1	5	13
1924.0	0	2	5	13
1925.2	0	3	5	13
1925.9	0	3	6	13
1927.4	0	4	6	13
1928.3	0	5	6	13
1928.6	0	5	7	13
1929.3	0	5	7	13
1929.3	0	6	7	13
1929.3	0	6	8	13
1929.4	0	6	9	13
1929.9	0	6	10	13
1939.7	0	6	10	14
1939.9	0	6	10	15
1940.3	0	6	10	16
1942.3	0	7	10	16
1946.8	0	7	10	16
1947.5	0	7	11	16
1948.5	0	7	12	16
1948.8	0	7	12	16
1948.8	0	7	13	16
1949.0	0	7	14	16
1949.2	0	8	14	16
1950.0	0	8	15	16
1950.4	0	9	15	16
1950.5	0	10	15	16
1950.7	0	11	15	16
1951.4	0	12	15	16
1951.5	0	13	15	16
1951.9	0	14	15	16
1952.7	0	14	16	16
1953.2	0	15	16	16
1954.8	0	15	17	16
1955.0	0	16	17	16
1955.1	0	17	17	16
1956.2	0	18	17	16
1956.2	0	19	17	16
1956.3	0	20	17	16
1956.3	0	21	17	16
1956.3	0	22	17	16
1956.5	0	22	18	16
1956.6	0	23	18	16
1956.8	0	24	18	16
1956.8	0	25	18	16
1958.1	0	25	19	16
1959.8	0	25	20	16
1961.0	0	26	20	16
1962.3	0	27	20	16
1962.8	0	28	20	16
1962.8	0	29	20	16
1962.9	0	29	21	16
1963.2	0	30	21	16
1963.3	0	31	21	16
1963.6	0	31	22	16
1963.7	0	31	23	16
1964.1	0	32	23	16
1964.4	0	33	23	16
1964.9	0	33	24	16
1964.9	0	34	24	16
1965.1	0	35	24	16
1965.4	0	36	24	16
1966.0	0	36	25	16
1966.3	0	37	25	16
1966.8	0	37	26	16
1966.9	0	38	26	16
1968.9	0	38	27	16
1969.0	0	38	28	16
1969.9	0	38	29	16
1970.1	0	39	29	16
1970.3	0	39	30	16
1970.6	0	39	30	17
1970.9	0	40	30	17
1971.1	0	40	31	17
1971.5	0	41	31	17
1973.1	0	42	31	17
1973.6	0	42	32	17
1974.2	0	42	33	17
1974.2	0	43	33	17
1974.5	0	44	33	17
1974.6	0	45	33	17
1974.9	0	46	33	17
1974.9	0	47	33	17
1976.0	0	48	33	17
1976.0	0	49	33	17
1976.1	0	50	33	17
1976.4	0	51	33	17
1977.3	0	51	34	17
1977.6	0	52	34	17
1977.6	0	53	34	17
1977.6	0	54	34	17
1977.7	0	55	34	17
1978.2	0	56	34	17
1978.2	0	57	34	17
1978.5	0	58	34	17
1978.6	0	59	34	17
1979.1	0	60	34	17
1979.2	0	61	34	17
1979.8	0	62	34	17
1979.9	0	63	34	17
1980.6	0	64	34	17
1984.1	0	64	35	17
1984.2	0	64	36	17
1984.5	0	65	36	17
1984.5	0	66	36	17
1984.6	0	67	36	17
1985.4	0	68	36	17
1985.6	0	68	37	17
1985.9	0	69	37	17
1987.3	0	69	38	17
1987.5	0	69	39	17
1988.2	0	70	39	17
1990.6	0	70	40	17
1991.4	0	71	40	17
1991.9	0	72	40	17
1992.7	0	73	40	17
1992.8	0	74	40	17
1992.9	0	74	41	17
1993.0	0	75	41	17
1993.3	0	76	41	17
1994.8	0	77	41	17
1997.1	0	77	41	18
1997.1	0	78	41	18
1997.1	0	79	41	18
1997.3	1	79	41	18
1997.6	1	80	41	18
1998.7	2	80	41	18
1999.0	2	81	41	18
1999.4	2	82	41	18
1999.4	2	83	41	18
1999.9	2	83	42	18
2000.3	2	84	42	18
2000.3	2	85	42	18
2000.5	2	86	42	18
2000.6	2	86	43	18
2000.8	2	87	43	18
2000.9	2	87	43	18
2000.9	2	88	43	18
2001.0	2	89	43	18
2001.0	2	90	43	18
2001.0	2	91	43	18
2001.2	3	91	43	18
2001.2	3	92	43	18
2001.4	3	93	43	18
2001.4	3	94	43	18
2001.4	3	95	43	18
2001.4	3	95	44	18
2001.7	3	96	44	18
2001.7	3	97	44	18
2001.8	3	98	44	18
2002.0	3	99	44	18
2002.5	3	100	44	18
2002.6	4	100	44	18
2002.7	4	101	44	18
2002.9	4	102	44	18
2002.9	4	103	44	18
2003.0	5	103	44	18
2003.1	6	103	44	18
2003.2	6	104	44	18
2003.3	6	104	45	18
2003.5	6	104	46	18
2003.7	7	104	46	18
2003.7	7	105	46	18
2003.8	7	106	46	18
2003.9	7	107	46	18
2003.9	7	108	46	18
2004.0	7	108	47	18
2004.0	7	109	47	18
2004.1	7	110	47	18
2004.2	7	111	47	18
2004.2	7	112	47	18
2004.2	7	113	47	18
2004.3	7	114	47	18
2004.6	7	115	47	18
2004.7	8	115	47	18
2004.8	9	115	47	18
2004.8	9	116	47	18
2004.9	9	117	47	18
2005.0	9	118	47	18
2005.0	10	118	47	18
2005.1	11	118	47	18
2005.4	12	118	47	18
2005.5	13	118	47	18
2005.6	13	119	47	18
2005.6	13	120	47	18
2005.6	14	120	47	18
2005.7	15	120	47	18
2006.0	16	120	47	18
2006.4	17	120	47	18
2006.7	17	121	47	18
2006.7	18	121	47	18
2006.7	19	121	47	18
2006.8	20	121	47	18
2006.8	21	121	47	18
2006.9	22	121	47	18
2007.2	23	121	47	18
2007.3	24	121	47	18
2007.3	24	122	47	18
2007.4	25	122	47	18
2007.4	26	122	47	18
2007.5	27	122	47	18
2007.6	27	123	47	18
2007.6	27	124	47	18
2007.6	28	124	47	18
2007.8	29	124	47	18
2008.0	30	124	47	18
2008.2	31	124	47	18
2008.2	31	125	47	18
2008.2	32	125	47	18
2008.4	32	126	47	18
2008.6	32	127	47	18
2008.6	33	127	47	18
2008.6	33	128	47	18
2008.7	34	128	47	18
2008.7	35	128	47	18
2008.7	36	128	47	18
2008.8	37	128	47	18
2008.8	37	129	47	18
2008.8	38	129	47	18
2009.0	39	129	47	18
2009.0	40	129	47	18
2009.0	41	129	47	18
2009.0	42	129	47	18
2009.0	43	129	47	18
2009.1	44	129	47	18
2009.1	45	129	47	18
2009.3	46	129	47	18
2009.3	47	129	47	18
2009.5	47	130	47	18
2009.5	48	130	47	18
2009.5	49	130	47	18
2009.6	50	130	47	18
2009.7	51	130	47	18
2009.7	52	130	47	18
2009.7	53	130	47	18
2009.9	54	130	47	18
2010.0	55	130	47	18
2010.0	56	130	47	18
2010.0	57	130	47	18
2010.1	58	130	47	18
2010.1	59	130	47	18
2010.1	60	130	47	18
2010.1	61	130	47	18
2010.1	62	130	47	18
2010.1	63	130	47	18
2010.2	63	131	47	18
2010.3	64	131	47	18
2010.3	64	132	47	18
2010.4	65	132	47	18
2010.4	66	132	47	18
2010.4	66	133	47	18
2010.6	67	133	47	18
2010.6	67	134	47	18
2010.6	68	134	47	18
2010.7	68	135	47	18
2010.7	69	135	47	18
2010.8	70	135	47	18
2010.8	71	135	47	18
2010.9	72	135	47	18
2010.9	73	135	47	18
2011.0	74	135	47	18
2011.0	75	135	47	18
2011.1	75	136	47	18
2011.3	75	137	47	18
2011.4	76	137	47	18
2011.5	77	137	47	18
2011.5	78	137	47	18
2011.5	79	137	47	18
2011.6	80	137	47	18
2011.6	80	138	47	18
2011.6	81	138	47	18
2011.6	82	138	47	18
2011.7	83	138	47	18
2011.8	84	138	47	18
2011.9	85	138	47	18
2011.9	86	138	47	18
2011.9	87	138	47	18
2011.9	88	138	47	18
2011.9	88	139	47	18
2012.0	88	140	47	18
2012.0	89	140	47	18
2012.0	90	140	47	18
2012.1	90	140	48	18
2012.1	91	140	48	18
2012.1	92	140	48	18
2012.2	93	140	48	18
2012.3	94	140	48	18
2012.3	95	140	48	18
2012.5	96	140	48	18
2012.7	97	140	48	18
2012.7	98	140	48	18
2012.8	98	141	48	18
2012.8	99	141	48	18
2012.8	100	141	48	18
2013.0	101	141	48	18
2013.0	102	141	48	18
2013.0	103	141	48	18
2013.0	104	141	48	18
2013.1	105	141	48	18
2013.1	105	142	48	18
2013.2	105	143	48	18
2013.2	105	144	48	18
2013.4	106	144	48	18
2013.4	107	144	48	18
2013.4	108	144	48	18
2013.5	109	144	48	18
2013.5	110	144	48	18
2013.6	111	144	48	18
2013.6	112	144	48	18
2013.6	113	144	48	18
2013.7	113	145	48	18
2013.7	114	145	48	18
2013.7	115	145	48	18
2013.8	116	145	48	18
2013.8	117	145	48	18
2013.9	117	146	48	18
2013.9	117	147	48	18
2014.0	118	147	48	18
2014.0	119	147	48	18
2014.0	120	147	48	18
2014.0	121	147	48	18
2014.0	122	147	48	18
2014.1	122	148	48	18
2014.1	123	148	48	18
2014.1	123	149	48	18
2014.1	123	150	48	18
2014.2	124	150	48	18
2014.2	125	150	48	18
2014.3	126	150	48	18
2014.3	127	150	48	18
2014.3	128	150	48	18
2014.4	129	150	48	18
2014.5	130	150	48	18
2014.5	131	150	48	18
2014.5	132	150	48	18
2014.6	133	150	48	18
2014.7	134	150	48	18
2014.7	135	150	48	18
2014.7	136	150	48	18
2014.8	137	150	48	18
2014.8	138	150	48	18
2014.8	138	151	48	18
2014.9	139	151	48	18
2015.0	140	151	48	18
2015.2	141	151	48	18
2015.3	142	151	48	18
2015.4	142	152	48	18
2015.4	143	152	48	18
2015.4	144	152	48	18
2015.6	145	152	48	18
2015.6	146	152	48	18
2015.6	146	153	48	18
2015.7	147	153	48	18
2015.7	147	154	48	18
2015.8	147	154	49	18
2015.9	148	154	49	18