859.0	0	1	0	0
872.5	0	1	0	1
958.3	0	1	0	2
978.5	0	1	1	2
1008.0	0	1	1	3
1008.3	0	1	1	4
1052.0	0	1	1	5
1058.9	0	1	1	6
1085.3	0	1	2	6
1107.7	0	1	2	7
1118.3	0	1	3	7
1130.2	0	1	3	8
1135.6	0	1	3	9
1150.3	0	1	4	9
1179.3	0	1	4	10
1194.2	0	2	4	10
1226.9	0	2	4	11
1310.0	0	2	5	11
1361.0	0	2	6	11
1400.0	0	2	7	11
1430.0	0	2	8	11
1430.0	0	2	9	11
1440.0	0	2	9	11
1457.0	0	2	9	12
1459.0	0	2	9	13
1497.0	0	2	9	14
1503.0	0	2	9	15
1591.0	0	2	10	15
1593.7	0	2	10	16
1666.0	0	2	10	17
1677.0	0	2	10	18
1703.0	0	2	10	19
1824.5	0	2	10	20
1853.3	0	2	10	21
1853.4	0	2	11	21
1853.4	0	2	12	21
1863.0	0	2	12	22
1864.9	0	2	12	23
1865.0	0	2	13	23
1865.4	0	2	14	23
1871.2	0	2	14	24
1872.4	0	2	14	25
1875.2	0	2	15	25
1876.7	0	2	16	25
1883.8	0	2	17	25
1884.1	0	2	17	26
1890.2	0	2	17	27
1894.2	0	2	18	27
1897.0	0	2	18	28
1902.5	0	2	18	29
1905.3	0	2	19	29
1907.5	0	2	20	29
1909.1	0	2	20	29
1909.3	0	2	21	29
1911.7	0	2	22	29
1913.2	0	2	23	29
1915.2	0	2	24	29
1917.5	0	2	25	29
1919.4	0	2	26	29
1920.8	0	2	27	29
1924.5	0	2	28	29
1924.6	0	2	29	29
1925.6	0	2	30	29
1925.7	0	2	30	30
1926.0	0	2	31	30
1926.3	0	3	31	30
1927.4	0	3	32	30
1927.6	0	4	32	30
1927.9	0	4	32	31
1928.7	0	4	33	31
1929.5	0	4	33	32
1929.5	0	4	34	32
1929.6	0	5	34	32
1929.8	0	5	35	32
1929.8	0	5	36	32
1930.1	0	6	36	32
1930.3	0	6	37	32
1930.3	0	6	38	32
1930.3	0	6	39	32
1930.4	0	7	39	32
1930.4	0	8	39	32
1930.5	0	9	39	32
1930.6	0	9	39	33
1930.7	0	9	40	33
1930.8	0	9	41	33
1931.7	0	9	42	33
1931.8	0	10	42	33
1932.1	0	10	43	33
1932.2	0	10	44	33
1932.4	0	10	45	33
1934.1	0	10	45	34
1934.3	0	11	45	34
1935.8	0	12	45	34
1935.8	0	13	45	34
1936.3	0	13	45	35
1936.6	0	13	46	35
1936.9	0	13	47	35
1938.1	0	13	48	35
1938.3	0	13	49	35
1939.1	0	13	50	35
1939.8	0	13	50	36
1940.5	0	13	51	36
1941.4	0	13	52	36
1944.5	0	13	53	36
1945.0	0	13	54	36
1946.2	0	14	54	36
1946.2	0	14	55	36
1946.6	0	14	56	36
1947.0	0	15	56	36
1947.3	0	15	57	36
1948.3	0	16	57	36
1948.6	0	16	58	36
1949.0	0	17	58	36
1949.2	0	17	59	36
1949.3	0	17	59	37
1949.7	0	18	59	37
1949.8	0	18	60	37
1950.1	0	18	61	37
1950.1	0	19	61	37
1950.9	0	20	61	37
1951.4	0	20	61	38
1952.0	0	20	62	38
1952.6	0	20	63	38
1952.6	0	20	64	38
1952.6	0	20	65	38
1954.0	0	21	65	38
1954.2	0	21	66	38
1954.4	0	22	66	38
1954.5	0	23	66	38
1954.9	0	24	66	38
1955.3	0	24	67	38
1955.9	0	24	67	39
1956.2	0	24	68	39
1956.2	0	24	69	39
1956.6	0	25	69	39
1956.8	0	25	69	40
1957.2	0	25	70	40
1957.2	0	25	71	40
1957.3	0	26	71	40
1957.7	0	27	71	40
1957.7	0	27	72	40
1958.0	0	27	72	41
1958.2	0	28	72	41
1958.3	0	28	73	41
1958.4	0	28	74	41
1958.6	0	29	74	41
1958.8	0	29	75	41
1959.0	0	29	76	41
1959.5	0	30	76	41
1959.5	0	30	77	41
1959.6	0	31	77	41
1959.7	0	31	78	41
1960.1	0	31	79	41
1960.2	0	31	80	41
1960.4	0	31	81	41
1960.4	0	31	82	41
1960.4	0	31	83	41
1960.7	0	31	84	41
1960.7	0	32	84	41
1960.7	0	33	84	41
1960.9	0	34	84	41
1961.1	0	35	84	41
1961.3	0	36	84	41
1961.3	0	36	85	41
1961.4	0	37	85	41
1961.4	0	37	85	42
1961.4	0	38	85	42
1961.7	0	38	86	42
1961.8	0	38	87	42
1961.8	0	38	88	42
1962.1	0	39	88	42
1962.1	0	40	88	42
1962.2	0	41	88	42
1962.3	0	42	88	42
1962.5	0	42	89	42
1962.5	0	42	90	42
1962.5	0	43	90	42
1962.7	0	43	91	42
1962.8	0	43	92	42
1962.9	0	43	93	42
1963.1	0	44	93	42
1963.2	0	44	94	42
1963.3	0	44	95	42
1963.3	0	44	96	42
1963.4	0	44	97	42
1963.5	0	44	98	42
1963.5	0	45	98	42
1963.5	0	45	99	42
1963.6	0	45	100	42
1963.8	0	45	101	42
1964.0	0	45	102	42
1964.1	0	45	103	42
1964.1	0	46	103	42
1964.1	0	46	104	42
1964.1	0	47	104	42
1964.2	0	48	104	42
1964.4	0	49	104	42
1964.5	0	50	104	42
1964.5	0	50	105	42
1964.5	0	51	105	42
1964.6	0	52	105	42
1964.6	0	53	105	42
1964.6	0	53	106	42
1964.6	0	54	106	42
1964.7	0	54	107	42
1964.7	0	55	107	42
1964.9	0	55	108	42
1964.9	0	55	109	42
1964.9	0	56	109	42
1965.0	0	56	109	43
1965.2	0	57	109	43
1965.3	0	58	109	43
1965.3	0	59	109	43
1965.3	0	60	109	43
1965.4	0	61	109	43
1965.4	0	62	109	43
1965.4	0	63	109	43
1965.5	0	63	110	43
1965.5	0	64	110	43
1965.5	0	65	110	43
1965.7	0	66	110	43
1965.7	0	66	111	43
1965.7	0	67	111	43
1965.9	0	68	111	43
1966.0	0	68	112	43
1966.0	0	69	112	43
1966.0	0	70	112	43
1966.1	0	71	112	43
1966.1	0	72	112	43
1966.2	0	73	112	43
1966.2	0	74	112	43
1966.3	0	74	113	43
1966.4	0	74	114	43
1966.5	0	75	114	43
1966.6	0	75	115	43
1966.6	0	76	115	43
1966.6	0	77	115	43
1966.7	0	77	116	43
1966.7	0	77	117	43
1966.9	0	77	118	43
1967.0	0	77	119	43
1967.0	0	78	119	43
1967.0	0	78	120	43
1967.0	0	78	121	43
1967.1	0	78	122	43
1967.1	0	78	123	43
1967.1	0	79	123	43
1967.1	0	80	123	43
1967.2	0	80	124	43
1967.2	0	80	125	43
1967.2	0	81	125	43
1967.3	0	81	126	43
1967.3	0	82	126	43
1967.3	0	83	126	43
1967.4	0	84	126	43
1967.5	0	85	126	43
1967.5	0	86	126	43
1967.5	0	87	126	43
1967.6	0	88	126	43
1967.6	0	88	127	43
1967.8	0	88	128	43
1967.9	0	89	128	43
1968.0	0	90	128	43
1968.0	0	91	128	43
1968.1	0	91	129	43
1968.3	0	92	129	43
1968.3	0	92	130	43
1968.4	0	93	130	43
1968.4	0	93	131	43
1968.4	0	93	132	43
1968.4	0	94	132	43
1968.5	0	94	133	43
1968.6	0	94	134	43
1968.7	0	95	134	43
1968.7	0	95	134	44
1968.8	0	96	134	44
1968.9	0	97	134	44
1969.0	0	98	134	44
1969.3	0	98	135	44
1969.3	0	98	136	44
1969.4	0	99	136	44
1969.5	0	100	136	44
1969.6	0	101	136	44
1969.7	0	101	137	44
1969.8	0	102	137	44
1969.8	0	103	137	44
1969.8	0	103	138	44
1969.9	0	103	139	44
1969.9	0	104	139	44
1970.0	0	104	140	44
1970.1	0	105	140	44
1970.1	0	106	140	44
1970.1	0	106	141	44
1970.2	0	106	142	44
1970.2	0	107	142	44
1970.4	0	107	143	44
1970.4	0	108	143	44
1970.4	0	109	143	44
1970.5	0	110	143	44
1970.5	0	111	143	44
1970.6	0	112	143	44
1970.6	0	113	143	44
1970.8	0	113	144	44
1970.8	0	114	144	44
1970.8	0	114	145	44
1970.8	0	115	145	44
1970.9	0	116	145	44
1971.1	0	116	146	44
1971.1	0	117	146	44
1971.3	0	117	147	44
1971.3	0	117	148	44
1971.4	0	118	148	44
1971.4	0	119	148	44
1971.4	0	120	148	44
1971.4	0	121	148	44
1971.5	0	121	149	44
1971.7	0	121	150	44
1971.8	0	121	151	44
1971.8	0	122	151	44
1971.9	0	122	152	44
1971.9	0	122	153	44
1972.0	0	122	154	44
1972.0	0	122	155	44
1972.0	0	122	156	44
1972.1	0	123	156	44
1972.1	0	124	156	44
1972.2	0	125	156	44
1972.3	0	125	156	45
1972.4	0	125	157	45
1972.4	0	125	158	45
1972.4	0	125	159	45
1972.5	0	125	160	45
1972.5	0	126	160	45
1972.6	0	126	161	45
1972.8	0	126	162	45
1972.8	0	127	162	45
1972.8	0	128	162	45
1973.0	0	129	162	45
1973.0	0	130	162	45
1973.1	0	131	162	45
1973.1	0	131	163	45
1973.2	0	132	163	45
1973.3	0	133	163	45
1973.3	0	133	164	45
1973.3	0	134	164	45
1973.4	0	135	164	45
1973.5	0	135	165	45
1973.6	0	135	166	45
1973.7	0	135	167	45
1973.7	0	136	167	45
1973.8	0	137	167	45
1973.8	0	138	167	45
1973.9	0	139	167	45
1973.9	0	139	168	45
1973.9	0	140	168	45
1973.9	0	141	168	45
1974.0	0	142	168	45
1974.0	0	142	169	45
1974.1	0	143	169	45
1974.2	0	144	169	45
1974.3	0	145	169	45
1974.3	0	146	169	45
1974.3	0	147	169	45
1974.3	0	147	170	45
1974.4	0	148	170	45
1974.4	0	149	170	45
1974.5	0	150	170	45
1974.5	0	151	170	45
1974.6	0	152	170	45
1974.6	0	153	170	45
1974.6	0	153	171	45
1974.6	0	154	171	45
1974.8	0	155	171	45
1974.8	0	156	171	45
1974.8	0	157	171	45
1974.9	0	158	171	45
1974.9	0	159	171	45
1974.9	0	159	172	45
1974.9	0	160	172	45
1974.9	0	160	173	45
1975.0	0	161	173	45
1975.0	0	162	173	45
1975.0	0	163	173	45
1975.0	0	164	173	45
1975.0	0	164	174	45
1975.0	0	165	174	45
1975.0	0	165	175	45
1975.2	0	166	175	45
1975.2	0	167	175	45
1975.2	0	167	175	46
1975.2	0	168	175	46
1975.3	0	169	175	46
1975.4	0	170	175	46
1975.4	0	171	175	46
1975.5	0	171	176	46
1975.5	0	172	176	46
1975.5	0	173	176	46
1975.6	0	174	176	46
1975.7	0	174	177	46
1975.7	0	174	178	46
1975.7	0	175	178	46
1975.8	0	176	178	46
1976.0	0	177	178	46
1976.0	0	177	179	46
1976.0	0	178	179	46
1976.1	0	179	179	46
1976.1	0	180	179	46
1976.2	0	181	179	46
1976.2	0	181	180	46
1976.3	0	182	180	46
1976.3	0	183	180	46
1976.3	0	184	180	46
1976.3	0	184	181	46
1976.3	0	185	181	46
1976.4	0	186	181	46
1976.4	0	187	181	46
1976.5	0	188	181	46
1976.5	0	189	181	46
1976.5	0	190	181	46
1976.5	0	191	181	46
1976.5	0	192	181	46
1976.6	0	193	181	46
1976.7	0	193	182	46
1976.7	0	193	183	46
1976.8	0	193	184	46
1976.8	0	194	184	46
1976.9	0	194	185	46
1976.9	0	195	185	46
1976.9	0	195	186	46
1977.0	0	196	186	46
1977.1	0	197	186	46
1977.1	0	198	186	46
1977.2	0	198	187	46
1977.2	0	199	187	46
1977.2	0	199	187	47
1977.2	0	199	188	47
1977.3	0	199	189	47
1977.3	0	199	190	47
1977.3	0	199	191	47
1977.4	0	199	192	47
1977.4	0	200	192	47
1977.4	0	200	192	48
1977.4	0	200	193	48
1977.5	0	201	193	48
1977.8	0	201	194	48
1977.8	0	201	195	48
1977.9	0	202	195	48
1978.0	0	203	195	48
1978.0	0	204	195	48
1978.0	0	205	195	48
1978.1	0	206	195	48
1978.1	0	206	196	48
1978.2	0	207	196	48
1978.2	0	208	196	48
1978.3	0	209	196	48
1978.3	0	210	196	48
1978.4	0	211	196	48
1978.4	0	212	196	48
1978.4	0	213	196	48
1978.5	0	214	196	48
1978.5	0	215	196	48
1978.6	0	216	196	48
1978.6	0	217	196	48
1978.6	0	218	196	48
1978.6	0	219	196	48
1978.6	0	220	196	48
1978.6	0	221	196	48
1978.7	0	221	197	48
1978.7	0	221	198	48
1978.7	0	222	198	48
1978.7	0	223	198	48
1978.7	0	224	198	48
1978.8	0	225	198	48
1978.8	0	226	198	48
1979.0	0	226	198	49
1979.0	0	227	198	49
1979.1	0	228	198	49
1979.2	0	228	199	49
1979.2	0	228	200	49
1979.3	0	229	200	49
1979.3	0	229	201	49
1979.4	0	230	201	49
1979.5	0	231	201	49
1979.6	0	232	201	49
1979.6	0	233	201	49
1979.7	0	234	201	49
1979.8	0	235	201	49
1979.9	0	235	202	49
1979.9	0	236	202	49
1980.0	0	237	202	49
1980.1	0	237	203	49
1980.1	0	238	203	49
1980.1	0	238	204	49
1980.2	0	239	204	49
1980.2	0	240	204	49
1980.2	0	241	204	49
1980.6	0	242	204	49
1980.8	0	242	205	49
1980.8	0	242	206	49
1980.8	0	243	206	49
1980.9	0	244	206	49
1980.9	0	245	206	49
1980.9	0	246	206	49
1980.9	0	246	207	49
1981.0	0	247	207	49
1981.0	0	248	207	49
1981.0	0	248	207	50
1981.0	0	249	207	50
1981.0	0	249	208	50
1981.1	0	250	208	50
1981.2	0	251	208	50
1981.2	0	251	209	50
1981.3	0	251	210	50
1981.3	0	252	210	50
1981.3	0	253	210	50
1981.3	0	254	210	50
1981.4	0	254	211	50
1981.5	0	255	211	50
1981.5	0	255	212	50
1981.5	0	256	212	50
1981.5	0	257	212	50
1981.5	0	258	212	50
1981.7	0	258	213	50
1981.7	0	259	213	50
1981.7	0	260	213	50
1981.8	0	261	213	50
1981.9	0	262	213	50
1981.9	0	262	214	50
1982.0	0	263	214	50
1982.0	0	263	215	50
1982.0	0	264	215	50
1982.1	0	265	215	50
1982.1	0	266	215	50
1982.1	0	267	215	50
1982.3	0	268	215	50
1982.3	0	269	215	50
1982.4	0	269	216	50
1982.5	0	270	216	50
1982.5	0	270	217	50
1982.5	0	270	218	50
1982.6	0	270	219	50
1982.7	0	271	219	50
1982.9	0	272	219	50
1982.9	0	273	219	50
1983.0	0	273	220	50
1983.0	0	274	220	50
1983.1	0	275	220	50
1983.1	0	275	221	50
1983.2	0	276	221	50
1983.3	0	277	221	50
1983.4	0	278	221	50
1983.4	0	278	222	50
1983.5	0	279	222	50
1983.5	0	280	222	50
1983.5	0	280	223	50
1983.5	0	280	224	50
1983.6	0	280	225	50
1983.7	0	281	225	50
1983.8	0	282	225	50
1983.9	0	283	225	50
1983.9	0	283	226	50
1984.2	0	283	227	50
1984.2	0	283	228	50
1984.2	0	283	229	50
1984.2	0	284	229	50
1984.3	0	285	229	50
1984.4	0	285	230	50
1984.4	0	286	230	50
1984.6	0	286	231	50
1984.6	0	286	232	50
1984.6	0	287	232	50
1984.6	0	288	232	50
1984.7	0	288	233	50
1984.7	0	288	234	50
1984.7	0	289	234	50
1984.7	0	290	234	50
1984.8	0	291	234	50
1984.8	0	291	235	50
1984.9	0	292	235	50
1984.9	0	293	235	50
1985.0	0	293	236	50
1985.0	0	294	236	50
1985.1	0	294	237	50
1985.2	0	295	237	50
1985.2	0	296	237	50
1985.2	0	296	238	50
1985.2	0	297	238	50
1985.3	0	298	238	50
1985.4	0	299	238	50
1985.4	0	300	238	50
1985.6	0	300	239	50
1985.6	0	301	239	50
1985.6	0	302	239	50
1985.6	0	302	240	50
1985.7	0	303	240	50
1985.7	0	304	240	50
1985.8	0	305	240	50
1985.8	0	306	240	50
1985.9	0	307	240	50
1985.9	0	308	240	50
1985.9	0	309	240	50
1986.0	0	310	240	50
1986.0	0	311	240	50
1986.1	0	312	240	50
1986.2	0	313	240	50
1986.3	0	314	240	50
1986.4	0	315	240	50
1986.4	0	316	240	50
1986.4	0	317	240	50
1986.4	0	317	241	50
1986.4	0	318	241	50
1986.5	0	318	242	50
1986.6	0	319	242	50
1986.6	0	320	242	50
1986.6	0	320	243	50
1986.6	0	320	244	50
1986.8	0	321	244	50
1986.8	0	322	244	50
1986.8	0	323	244	50
1986.9	0	324	244	50
1986.9	0	325	244	50
1987.0	0	326	244	50
1987.0	0	327	244	50
1987.0	0	328	244	50
1987.1	0	329	244	50
1987.1	0	330	244	50
1987.2	0	331	244	50
1987.3	0	331	245	50
1987.4	0	331	246	50
1987.4	0	331	247	50
1987.5	0	332	247	50
1987.5	0	332	248	50
1987.5	0	333	248	50
1987.7	0	334	248	50
1987.7	0	335	248	50
1987.7	0	335	249	50
1987.8	0	335	250	50
1987.9	0	336	250	50
1987.9	0	337	250	50
1987.9	0	338	250	50
1987.9	0	339	250	50
1988.0	0	339	251	50
1988.0	0	340	251	50
1988.1	0	340	252	50
1988.1	0	341	252	50
1988.1	0	341	253	50
1988.1	0	342	253	50
1988.1	0	343	253	50
1988.1	0	344	253	50
1988.2	0	344	254	50
1988.3	0	345	254	50
1988.4	0	346	254	50
1988.4	0	346	255	50
1988.5	0	347	255	50
1988.5	0	348	255	50
1988.5	0	348	256	50
1988.6	0	349	256	50
1988.6	0	349	257	50
1988.6	0	349	257	51
1988.7	0	350	257	51
1988.7	0	350	258	51
1988.7	0	351	258	51
1988.8	0	352	258	51
1989.0	0	353	258	51
1989.0	0	354	258	51
1989.0	0	355	258	51
1989.2	0	356	258	51
1989.2	0	357	258	51
1989.3	0	357	259	51
1989.3	0	357	260	51
1989.3	0	358	260	51
1989.3	0	359	260	51
1989.4	0	360	260	51
1989.4	0	360	261	51
1989.4	0	361	261	51
1989.4	0	362	261	51
1989.5	0	363	261	51
1989.5	0	364	261	51
1989.6	0	364	262	51
1989.6	0	364	263	51
1989.8	0	364	264	51
1990.0	0	365	264	51
1990.0	0	366	264	51
1990.1	0	367	264	51
1990.1	0	368	264	51
1990.2	0	369	264	51
1990.3	0	370	264	51
1990.4	0	370	265	51
1990.4	0	371	265	51
1990.4	0	372	265	51
1990.5	0	373	265	51
1990.5	0	374	265	51
1990.6	0	375	265	51
1990.6	0	375	266	51
1990.7	0	376	266	51
1990.8	0	377	266	51
1990.8	0	378	266	51
1990.8	0	379	266	51
1990.8	0	379	266	52
1990.9	0	380	266	52
1990.9	0	380	267	52
1991.0	0	381	267	52
1991.0	0	382	267	52
1991.0	0	383	267	52
1991.1	0	383	268	52
1991.1	0	383	269	52
1991.1	0	384	269	52
1991.1	0	385	269	52
1991.2	0	386	269	52
1991.3	0	386	270	52
1991.3	0	387	270	52
1991.3	0	388	270	52
1991.3	0	389	270	52
1991.4	0	390	270	52
1991.4	0	391	270	52
1991.4	0	391	271	52
1991.4	0	392	271	52
1991.4	0	393	271	52
1991.4	0	394	271	52
1991.4	0	395	271	52
1991.5	0	396	271	52
1991.5	0	397	271	52
1991.6	0	397	272	52
1991.7	0	398	272	52
1991.8	0	398	273	52
1991.8	0	399	273	52
1991.8	0	400	273	52
1991.8	0	401	273	52
1991.8	0	401	274	52
1991.9	0	402	274	52
1992.0	0	402	275	52
1992.0	0	403	275	52
1992.1	0	404	275	52
1992.1	0	405	275	52
1992.3	0	406	275	52
1992.3	0	407	275	52
1992.3	0	408	275	52
1992.4	0	409	275	52
1992.4	0	410	275	52
1992.4	0	411	275	52
1992.4	1	411	275	52
1992.6	1	412	275	52
1992.7	1	412	276	52
1992.7	1	413	276	52
1992.7	1	414	276	52
1992.8	1	415	276	52
1992.9	1	416	276	52
1992.9	1	417	276	52
1992.9	1	418	276	52
1993.0	1	418	277	52
1993.0	1	419	277	52
1993.0	1	419	278	52
1993.0	1	420	278	52
1993.0	1	421	278	52
1993.0	1	422	278	52
1993.0	1	423	278	52
1993.1	1	424	278	52
1993.1	1	425	278	52
1993.1	1	425	279	52
1993.2	1	426	279	52
1993.2	1	426	280	52
1993.2	1	426	281	52
1993.3	1	427	281	52
1993.3	1	428	281	52
1993.4	1	429	281	52
1993.5	1	429	282	52
1993.5	1	430	282	52
1993.5	1	430	283	52
1993.6	1	431	283	52
1993.6	1	432	283	52
1993.6	1	433	283	52
1993.7	1	433	284	52
1993.7	1	434	284	52
1993.9	1	435	284	52
1994.2	1	435	285	52
1994.2	1	436	285	52
1994.2	1	437	285	52
1994.2	1	438	285	52
1994.2	1	439	285	52
1994.2	1	439	286	52
1994.3	1	439	287	52
1994.3	1	440	287	52
1994.3	1	441	287	52
1994.4	1	442	287	52
1994.4	1	443	287	52
1994.6	1	443	288	52
1994.6	1	444	288	52
1994.7	1	445	288	52
1994.7	1	446	288	52
1994.8	1	447	288	52
1994.8	1	448	288	52
1994.9	1	449	288	52
1994.9	1	450	288	52
1995.0	1	451	288	52
1995.0	1	452	288	52
1995.0	1	453	288	52
1995.0	1	454	288	52
1995.1	1	455	288	52
1995.1	1	456	288	52
1995.1	1	457	288	52
1995.1	1	458	288	52
1995.1	1	459	288	52
1995.1	1	460	288	52
1995.2	1	461	288	52
1995.2	1	462	288	52
1995.2	1	463	288	52
1995.2	1	464	288	52
1995.2	1	465	288	52
1995.2	1	466	288	52
1995.2	1	467	288	52
1995.3	1	468	288	52
1995.3	1	469	288	52
1995.3	1	469	289	52
1995.3	1	470	289	52
1995.4	1	470	290	52
1995.5	1	471	290	52
1995.8	1	472	290	52
1995.8	1	473	290	52
1995.9	1	474	290	52
1995.9	1	475	290	52
1995.9	1	476	290	52
1996.0	1	477	290	52
1996.0	1	478	290	52
1996.0	1	479	290	52
1996.0	1	480	290	52
1996.0	1	481	290	52
1996.0	1	482	290	52
1996.0	1	483	290	52
1996.1	1	484	290	52
1996.1	1	485	290	52
1996.1	1	486	290	52
1996.1	1	487	290	52
1996.1	1	488	290	52
1996.1	1	489	290	52
1996.1	1	490	290	52
1996.2	1	490	291	52
1996.2	1	491	291	52
1996.2	1	492	291	52
1996.2	1	493	291	52
1996.2	1	494	291	52
1996.2	1	495	291	52
1996.2	2	495	291	52
1996.3	2	496	291	52
1996.3	3	496	291	52
1996.3	3	497	291	52
1996.4	3	498	291	52
1996.4	3	499	291	52
1996.4	3	499	292	52
1996.4	3	500	292	52
1996.5	3	501	292	52
1996.5	3	502	292	52
1996.6	3	503	292	52
1996.6	3	504	292	52
1996.6	3	505	292	52
1996.7	3	506	292	52
1996.7	3	507	292	52
1996.7	3	508	292	52
1996.7	3	509	292	52
1996.8	3	510	292	52
1996.9	3	510	293	52
1996.9	3	511	293	52
1996.9	3	512	293	52
1996.9	3	513	293	52
1997.0	3	514	293	52
1997.0	3	515	293	52
1997.0	3	516	293	52
1997.0	3	517	293	52
1997.0	3	518	293	52
1997.0	3	519	293	52
1997.1	3	520	293	52
1997.1	3	521	293	52
1997.1	3	522	293	52
1997.1	3	522	294	52
1997.1	3	523	294	52
1997.2	3	524	294	52
1997.2	3	525	294	52
1997.3	3	525	295	52
1997.3	3	526	295	52
1997.3	3	527	295	52
1997.3	3	528	295	52
1997.3	3	529	295	52
1997.3	3	529	296	52
1997.4	3	530	296	52
1997.4	3	531	296	52
1997.4	3	532	296	52
1997.4	3	533	296	52
1997.4	3	534	296	52
1997.5	3	535	296	52
1997.6	3	536	296	52
1997.6	3	536	297	52
1997.6	3	537	297	52
1997.6	3	538	297	52
1997.6	3	539	297	52
1997.6	3	540	297	52
1997.6	3	541	297	52
1997.6	3	541	298	52
1997.7	3	542	298	52
1997.8	3	542	299	52
1997.8	3	543	299	52
1997.8	3	543	300	52
1997.8	3	544	300	52
1997.8	3	545	300	52
1997.9	3	546	300	52
1997.9	3	547	300	52
1997.9	3	548	300	52
1997.9	3	549	300	52
1997.9	3	550	300	52
1997.9	3	551	300	52
1998.0	3	552	300	52
1998.0	3	553	300	52
1998.0	3	554	300	52
1998.0	3	555	300	52
1998.1	3	556	300	52
1998.1	3	557	300	52
1998.1	3	558	300	52
1998.1	3	559	300	52
1998.2	3	560	300	52
1998.2	3	561	300	52
1998.2	3	562	300	52
1998.3	3	563	300	52
1998.3	3	564	300	52
1998.3	3	565	300	52
1998.4	3	566	300	52
1998.4	3	567	300	52
1998.4	3	568	300	52
1998.5	3	569	300	52
1998.5	3	570	300	52
1998.5	3	570	301	52
1998.5	3	571	301	52
1998.6	3	571	302	52
1998.6	3	571	303	52
1998.6	3	572	303	52
1998.6	3	573	303	52
1998.6	3	574	303	52
1998.6	3	575	303	52
1998.7	3	576	303	52
1998.7	3	577	303	52
1998.7	3	577	304	52
1998.8	3	577	305	52
1998.8	3	578	305	52
1998.9	3	579	305	52
1998.9	3	580	305	52
1998.9	3	581	305	52
1998.9	3	581	306	52
1998.9	4	581	306	52
1998.9	4	582	306	52
1998.9	4	583	306	52
1998.9	4	584	306	52
1998.9	4	585	306	52
1998.9	4	586	306	52
1998.9	4	587	306	52
1999.0	4	588	306	52
1999.0	4	589	306	52
1999.0	4	590	306	52
1999.0	4	590	307	52
1999.1	4	591	307	52
1999.1	4	592	307	52
1999.1	4	593	307	52
1999.1	4	594	307	52
1999.2	4	594	307	53
1999.2	4	595	307	53
1999.2	4	596	307	53
1999.2	4	597	307	53
1999.3	4	598	307	53
1999.3	4	599	307	53
1999.3	4	600	307	53
1999.3	4	601	307	53
1999.3	4	602	307	53
1999.3	4	603	307	53
1999.3	4	603	307	54
1999.4	4	604	307	54
1999.4	4	605	307	54
1999.5	4	606	307	54
1999.5	4	607	307	54
1999.5	4	608	307	54
1999.5	4	609	307	54
1999.6	4	610	307	54
1999.6	4	611	307	54
1999.7	4	612	307	54
1999.7	4	613	307	54
1999.7	4	614	307	54
1999.7	4	615	307	54
1999.7	4	616	307	54
1999.9	4	617	307	54
2000.0	4	618	307	54
2000.0	4	619	307	54
2000.0	4	620	307	54
2000.0	4	621	307	54
2000.0	4	622	307	54
2000.0	4	623	307	54
2000.0	4	624	307	54
2000.0	4	625	307	54
2000.0	4	626	307	54
2000.0	5	626	307	54
2000.0	5	627	307	54
2000.0	6	627	307	54
2000.1	6	628	307	54
2000.1	6	629	307	54
2000.1	6	630	307	54
2000.1	6	631	307	54
2000.1	6	632	307	54
2000.1	6	633	307	54
2000.2	6	633	308	54
2000.2	7	633	308	54
2000.2	7	633	309	54
2000.2	7	634	309	54
2000.2	7	635	309	54
2000.2	7	636	309	54
2000.2	7	637	309	54
2000.2	7	638	309	54
2000.2	7	639	309	54
2000.2	7	639	310	54
2000.2	7	640	310	54
2000.3	7	641	310	54
2000.3	8	641	310	54
2000.3	9	641	310	54
2000.3	10	641	310	54
2000.3	11	641	310	54
2000.3	11	642	310	54
2000.3	11	643	310	54
2000.3	11	644	310	54
2000.3	12	644	310	54
2000.3	12	645	310	54
2000.3	12	645	311	54
2000.3	12	646	311	54
2000.3	13	646	311	54
2000.4	13	647	311	54
2000.4	14	647	311	54
2000.4	14	648	311	54
2000.4	14	649	311	54
2000.4	15	649	311	54
2000.4	16	649	311	54
2000.5	17	649	311	54
2000.5	18	649	311	54
2000.5	19	649	311	54
2000.5	19	649	312	54
2000.5	19	650	312	54
2000.5	20	650	312	54
2000.5	21	650	312	54
2000.5	22	650	312	54
2000.5	22	651	312	54
2000.6	23	651	312	54
2000.6	24	651	312	54
2000.6	25	651	312	54
2000.6	25	652	312	54
2000.6	26	652	312	54
2000.6	27	652	312	54
2000.6	28	652	312	54
2000.6	28	653	312	54
2000.6	28	654	312	54
2000.6	28	655	312	54
2000.7	29	655	312	54
2000.7	30	655	312	54
2000.7	31	655	312	54
2000.7	31	656	312	54
2000.7	31	657	312	54
2000.7	32	657	312	54
2000.7	32	658	312	54
2000.7	32	659	312	54
2000.7	32	660	312	54
2000.8	32	661	312	54
2000.8	32	662	312	54
2000.8	33	662	312	54
2000.8	34	662	312	54
2000.8	35	662	312	54
2000.8	35	663	312	54
2000.8	36	663	312	54
2000.8	37	663	312	54
2000.8	37	664	312	54
2000.8	38	664	312	54
2000.9	38	665	312	54
2000.9	39	665	312	54
2000.9	39	666	312	54
2000.9	39	667	312	54
2000.9	40	667	312	54
2000.9	40	668	312	54
2000.9	41	668	312	54
2000.9	42	668	312	54
2000.9	42	669	312	54
2001.0	42	670	312	54
2001.0	42	671	312	54
2001.0	42	672	312	54
2001.0	42	673	312	54
2001.0	42	674	312	54
2001.0	42	675	312	54
2001.1	43	675	312	54
2001.1	44	675	312	54
2001.1	44	676	312	54
2001.1	45	676	312	54
2001.1	45	677	312	54
2001.1	45	678	312	54
2001.1	46	678	312	54
2001.1	46	679	312	54
2001.1	46	679	313	54
2001.1	47	679	313	54
2001.2	47	680	313	54
2001.2	48	680	313	54
2001.2	49	680	313	54
2001.2	50	680	313	54
2001.2	50	681	313	54
2001.2	51	681	313	54
2001.2	51	681	314	54
2001.2	51	682	314	54
2001.2	51	682	315	54
2001.2	51	683	315	54
2001.3	51	683	316	54
2001.3	51	684	316	54
2001.3	51	685	316	54
2001.3	51	685	317	54
2001.3	51	686	317	54
2001.3	51	687	317	54
2001.3	51	688	317	54
2001.3	52	688	317	54
2001.3	52	689	317	54
2001.3	52	690	317	54
2001.3	53	690	317	54
2001.4	53	691	317	54
2001.4	53	692	317	54
2001.4	54	692	317	54
2001.4	55	692	317	54
2001.4	56	692	317	54
2001.4	57	692	317	54
2001.4	57	693	317	54
2001.4	58	693	317	54
2001.4	58	694	317	54
2001.4	58	695	317	54
2001.4	58	696	317	54
2001.4	58	697	317	54
2001.5	58	698	317	54
2001.5	58	699	317	54
2001.5	59	699	317	54
2001.5	59	700	317	54
2001.5	60	700	317	54
2001.5	61	700	317	54
2001.5	62	700	317	54
2001.5	63	700	317	54
2001.5	64	700	317	54
2001.5	64	701	317	54
2001.5	64	702	317	54
2001.6	64	703	317	54
2001.6	64	704	317	54
2001.6	64	705	317	54
2001.6	65	705	317	54
2001.6	65	706	317	54
2001.6	65	706	318	54
2001.6	65	707	318	54
2001.6	65	708	318	54
2001.6	66	708	318	54
2001.6	67	708	318	54
2001.6	68	708	318	54
2001.6	69	708	318	54
2001.6	70	708	318	54
2001.6	71	708	318	54
2001.6	71	709	318	54
2001.7	71	710	318	54
2001.7	72	710	318	54
2001.7	72	711	318	54
2001.7	72	712	318	54
2001.7	73	712	318	54
2001.7	74	712	318	54
2001.7	75	712	318	54
2001.7	76	712	318	54
2001.7	76	713	318	54
2001.7	76	714	318	54
2001.7	76	715	318	54
2001.8	76	716	318	54
2001.8	77	716	318	54
2001.8	78	716	318	54
2001.8	79	716	318	54
2001.8	80	716	318	54
2001.8	80	717	318	54
2001.8	80	718	318	54
2001.8	80	719	318	54
2001.8	81	719	318	54
2001.8	82	719	318	54
2001.8	83	719	318	54
2001.8	83	719	319	54
2001.8	83	720	319	54
2001.9	83	721	319	54
2001.9	83	722	319	54
2001.9	83	723	319	54
2001.9	84	723	319	54
2001.9	84	724	319	54
2001.9	84	725	319	54
2001.9	84	725	320	54
2001.9	84	726	320	54
2001.9	84	727	320	54
2001.9	84	728	320	54
2001.9	84	729	320	54
2001.9	84	730	320	54
2002.0	84	730	321	54
2002.0	84	731	321	54
2002.0	84	732	321	54
2002.0	84	733	321	54
2002.0	84	734	321	54
2002.0	84	735	321	54
2002.0	84	736	321	54
2002.0	84	737	321	54
2002.0	84	738	321	54
2002.0	84	739	321	54
2002.0	84	740	321	54
2002.1	84	741	321	54
2002.1	85	741	321	54
2002.1	85	741	322	54
2002.1	85	741	323	54
2002.1	85	742	323	54
2002.1	85	743	323	54
2002.2	85	744	323	54
2002.2	85	745	323	54
2002.2	85	746	323	54
2002.2	85	747	323	54
2002.2	85	748	323	54
2002.2	85	749	323	54
2002.2	85	750	323	54
2002.2	85	751	323	54
2002.2	85	751	324	54
2002.2	85	752	324	54
2002.2	86	752	324	54
2002.2	86	753	324	54
2002.2	86	754	324	54
2002.2	87	754	324	54
2002.2	87	755	324	54
2002.3	87	755	325	54
2002.3	87	756	325	54
2002.3	87	756	326	54
2002.3	87	757	326	54
2002.3	87	757	327	54
2002.3	87	758	327	54
2002.4	87	759	327	54
2002.4	87	759	328	54
2002.4	88	759	328	54
2002.4	88	760	328	54
2002.4	88	761	328	54
2002.5	88	761	329	54
2002.5	88	762	329	54
2002.5	88	763	329	54
2002.5	89	763	329	54
2002.5	90	763	329	54
2002.5	90	764	329	54
2002.5	90	765	329	54
2002.5	90	766	329	54
2002.5	90	767	329	54
2002.6	90	768	329	54
2002.6	91	768	329	54
2002.6	91	769	329	54
2002.7	91	770	329	54
2002.7	91	771	329	54
2002.7	91	772	329	54
2002.7	91	773	329	54
2002.7	91	774	329	54
2002.7	91	774	330	54
2002.7	91	775	330	54
2002.7	91	776	330	54
2002.8	92	776	330	54
2002.8	93	776	330	54
2002.8	93	777	330	54
2002.8	93	778	330	54
2002.8	94	778	330	54
2002.8	94	779	330	54
2002.8	94	780	330	54
2002.8	95	780	330	54
2002.8	95	780	331	54
2002.8	95	781	331	54
2002.8	96	781	331	54
2002.8	97	781	331	54
2002.8	98	781	331	54
2002.8	99	781	331	54
2002.9	99	782	331	54
2002.9	99	783	331	54
2002.9	100	783	331	54
2002.9	100	784	331	54
2002.9	101	784	331	54
2002.9	102	784	331	54
2002.9	103	784	331	54
2002.9	103	785	331	54
2003.0	103	786	331	54
2003.0	104	786	331	54
2003.0	105	786	331	54
2003.0	105	787	331	54
2003.0	106	787	331	54
2003.0	106	788	331	54
2003.0	107	788	331	54
2003.0	107	789	331	54
2003.0	107	790	331	54
2003.0	107	790	332	54
2003.0	108	790	332	54
2003.0	108	791	332	54
2003.0	108	792	332	54
2003.0	108	792	333	54
2003.1	108	793	333	54
2003.1	108	794	333	54
2003.1	109	794	333	54
2003.1	109	795	333	54
2003.1	110	795	333	54
2003.1	111	795	333	54
2003.1	111	795	334	54
2003.1	111	796	334	54
2003.1	112	796	334	54
2003.1	113	796	334	54
2003.2	113	797	334	54
2003.2	113	798	334	54
2003.2	114	798	334	54
2003.2	114	798	335	54
2003.2	114	799	335	54
2003.2	115	799	335	54
2003.2	116	799	335	54
2003.2	117	799	335	54
2003.2	117	800	335	54
2003.3	117	801	335	54
2003.3	117	802	335	54
2003.3	117	803	335	54
2003.3	118	803	335	54
2003.4	118	803	336	54
2003.4	118	804	336	54
2003.4	118	805	336	54
2003.4	118	806	336	54
2003.4	119	806	336	54
2003.4	120	806	336	54
2003.4	120	807	336	54
2003.4	120	808	336	54
2003.4	121	808	336	54
2003.4	121	809	336	54
2003.4	121	810	336	54
2003.4	121	811	336	54
2003.4	122	811	336	54
2003.4	123	811	336	54
2003.5	124	811	336	54
2003.5	124	812	336	54
2003.5	124	813	336	54
2003.5	125	813	336	54
2003.5	126	813	336	54
2003.5	127	813	336	54
2003.5	127	813	337	54
2003.5	127	814	337	54
2003.5	127	815	337	54
2003.5	127	816	337	54
2003.5	127	817	337	54
2003.5	127	818	337	54
2003.5	128	818	337	54
2003.6	128	819	337	54
2003.6	128	820	337	54
2003.6	128	821	337	54
2003.6	128	822	337	54
2003.6	129	822	337	54
2003.7	129	823	337	54
2003.7	129	824	337	54
2003.7	129	824	338	54
2003.7	130	824	338	54
2003.7	130	825	338	54
2003.7	131	825	338	54
2003.7	131	826	338	54
2003.7	132	826	338	54
2003.7	132	827	338	54
2003.7	133	827	338	54
2003.8	133	828	338	54
2003.8	133	829	338	54
2003.8	133	830	338	54
2003.8	134	830	338	54
2003.8	134	830	339	54
2003.8	134	831	339	54
2003.8	134	832	339	54
2003.8	134	833	339	54
2003.8	135	833	339	54
2003.8	135	834	339	54
2003.9	135	834	340	54
2003.9	136	834	340	54
2003.9	136	834	341	54
2003.9	137	834	341	54
2003.9	137	835	341	54
2003.9	137	836	341	54
2003.9	137	837	341	54
2003.9	137	838	341	54
2003.9	138	838	341	54
2003.9	138	839	341	54
2003.9	138	840	341	54
2003.9	138	841	341	54
2003.9	138	841	342	54
2004.0	138	842	342	54
2004.0	138	843	342	54
2004.0	138	844	342	54
2004.0	139	844	342	54
2004.0	140	844	342	54
2004.0	140	845	342	54
2004.0	141	845	342	54
2004.0	142	845	342	54
2004.0	143	845	342	54
2004.0	143	845	343	54
2004.0	143	846	343	54
2004.0	144	846	343	54
2004.1	144	847	343	54
2004.1	144	848	343	54
2004.1	145	848	343	54
2004.1	146	848	343	54
2004.1	147	848	343	54
2004.1	147	849	343	54
2004.1	147	850	343	54
2004.1	148	850	343	54
2004.1	148	850	344	54
2004.1	148	851	344	54
2004.2	148	852	344	54
2004.2	148	852	345	54
2004.2	148	853	345	54
2004.2	149	853	345	54
2004.2	150	853	345	54
2004.2	151	853	345	54
2004.2	151	854	345	54
2004.2	152	854	345	54
2004.2	152	855	345	54
2004.2	152	856	345	54
2004.2	152	857	345	54
2004.2	152	858	345	54
2004.2	152	859	345	54
2004.2	152	860	345	54
2004.2	152	861	345	54
2004.2	153	861	345	54
2004.3	153	862	345	54
2004.3	154	862	345	54
2004.3	155	862	345	54
2004.3	156	862	345	54
2004.3	156	863	345	54
2004.4	157	863	345	54
2004.4	157	863	346	54
2004.4	157	864	346	54
2004.4	157	865	346	54
2004.4	158	865	346	54
2004.4	158	866	346	54
2004.4	159	866	346	54
2004.4	160	866	346	54
2004.5	161	866	346	54
2004.5	161	867	346	54
2004.5	162	867	346	54
2004.5	163	867	346	54
2004.5	163	868	346	54
2004.5	164	868	346	54
2004.5	165	868	346	54
2004.5	165	869	346	54
2004.5	166	869	346	54
2004.5	167	869	346	54
2004.5	168	869	346	54
2004.6	169	869	346	54
2004.6	170	869	346	54
2004.7	171	869	346	54
2004.7	172	869	346	54
2004.7	173	869	346	54
2004.7	174	869	346	54
2004.7	175	869	346	54
2004.7	176	869	346	54
2004.7	177	869	346	54
2004.7	178	869	346	54
2004.7	179	869	346	54
2004.7	180	869	346	54
2004.7	181	869	346	54
2004.7	182	869	346	54
2004.7	183	869	346	54
2004.7	184	869	346	54
2004.7	185	869	346	54
2004.8	186	869	346	54
2004.8	186	870	346	54
2004.8	187	870	346	54
2004.8	188	870	346	54
2004.8	188	870	347	54
2004.8	189	870	347	54
2004.8	190	870	347	54
2004.8	191	870	347	54
2004.8	192	870	347	54
2004.8	193	870	347	54
2004.8	193	871	347	54
2004.9	193	872	347	54
2004.9	194	872	347	54
2004.9	195	872	347	54
2004.9	196	872	347	54
2004.9	197	872	347	54
2004.9	198	872	347	54
2004.9	199	872	347	54
2004.9	200	872	347	54
2004.9	201	872	347	54
2004.9	202	872	347	54
2004.9	203	872	347	54
2004.9	203	873	347	54
2004.9	203	874	347	54
2004.9	203	875	347	54
2004.9	204	875	347	54
2004.9	205	875	347	54
2004.9	206	875	347	54
2004.9	207	875	347	54
2004.9	208	875	347	54
2004.9	209	875	347	54
2004.9	210	875	347	54
2005.0	211	875	347	54
2005.0	212	875	347	54
2005.0	213	875	347	54
2005.0	214	875	347	54
2005.0	215	875	347	54
2005.0	216	875	347	54
2005.0	216	876	347	54
2005.0	217	876	347	54
2005.0	218	876	347	54
2005.0	218	877	347	54
2005.0	218	878	347	54
2005.0	218	879	347	54
2005.0	219	879	347	54
2005.0	220	879	347	54
2005.1	220	880	347	54
2005.1	221	880	347	54
2005.1	221	880	348	54
2005.1	222	880	348	54
2005.1	223	880	348	54
2005.1	224	880	348	54
2005.1	225	880	348	54
2005.1	226	880	348	54
2005.1	227	880	348	54
2005.1	228	880	348	54
2005.1	229	880	348	54
2005.1	230	880	348	54
2005.1	231	880	348	54
2005.1	232	880	348	54
2005.1	232	881	348	54
2005.1	233	881	348	54
2005.1	234	881	348	54
2005.1	235	881	348	54
2005.1	236	881	348	54
2005.2	236	882	348	54
2005.2	237	882	348	54
2005.2	237	883	348	54
2005.2	238	883	348	54
2005.2	238	884	348	54
2005.2	239	884	348	54
2005.2	240	884	348	54
2005.2	241	884	348	54
2005.2	242	884	348	54
2005.2	243	884	348	54
2005.2	244	884	348	54
2005.2	244	885	348	54
2005.2	245	885	348	54
2005.2	246	885	348	54
2005.2	247	885	348	54
2005.2	248	885	348	54
2005.2	249	885	348	54
2005.2	250	885	348	54
2005.3	251	885	348	54
2005.3	252	885	348	54
2005.3	253	885	348	54
2005.3	254	885	348	54
2005.3	255	885	348	54
2005.3	256	885	348	54
2005.3	257	885	348	54
2005.3	258	885	348	54
2005.3	259	885	348	54
2005.3	259	886	348	54
2005.3	260	886	348	54
2005.3	261	886	348	54
2005.3	262	886	348	54
2005.3	262	887	348	54
2005.3	263	887	348	54
2005.4	264	887	348	54
2005.4	265	887	348	54
2005.4	266	887	348	54
2005.4	267	887	348	54
2005.4	268	887	348	54
2005.4	269	887	348	54
2005.4	270	887	348	54
2005.4	271	887	348	54
2005.4	272	887	348	54
2005.4	273	887	348	54
2005.4	274	887	348	54
2005.4	275	887	348	54
2005.4	276	887	348	54
2005.4	277	887	348	54
2005.4	278	887	348	54
2005.4	279	887	348	54
2005.4	280	887	348	54
2005.4	281	887	348	54
2005.5	281	888	348	54
2005.5	282	888	348	54
2005.5	283	888	348	54
2005.5	283	889	348	54
2005.5	284	889	348	54
2005.5	284	890	348	54
2005.5	285	890	348	54
2005.5	286	890	348	54
2005.5	287	890	348	54
2005.5	288	890	348	54
2005.5	289	890	348	54
2005.5	290	890	348	54
2005.5	290	891	348	54
2005.5	291	891	348	54
2005.5	292	891	348	54
2005.5	293	891	348	54
2005.5	294	891	348	54
2005.5	295	891	348	54
2005.5	296	891	348	54
2005.5	297	891	348	54
2005.5	298	891	348	54
2005.5	298	892	348	54
2005.5	299	892	348	54
2005.5	300	892	348	54
2005.5	301	892	348	54
2005.6	302	892	348	54
2005.6	303	892	348	54
2005.6	304	892	348	54
2005.6	305	892	348	54
2005.6	306	892	348	54
2005.6	307	892	348	54
2005.6	308	892	348	54
2005.6	309	892	348	54
2005.6	310	892	348	54
2005.6	311	892	348	54
2005.6	311	893	348	54
2005.6	311	894	348	54
2005.6	312	894	348	54
2005.6	313	894	348	54
2005.6	314	894	348	54
2005.6	315	894	348	54
2005.6	316	894	348	54
2005.6	317	894	348	54
2005.6	318	894	348	54
2005.6	319	894	348	54
2005.6	319	895	348	54
2005.6	320	895	348	54
2005.6	321	895	348	54
2005.6	322	895	348	54
2005.6	323	895	348	54
2005.6	324	895	348	54
2005.7	325	895	348	54
2005.7	326	895	348	54
2005.7	327	895	348	54
2005.7	328	895	348	54
2005.7	329	895	348	54
2005.7	330	895	348	54
2005.7	331	895	348	54
2005.7	332	895	348	54
2005.7	333	895	348	54
2005.7	334	895	348	54
2005.7	335	895	348	54
2005.7	336	895	348	54
2005.7	337	895	348	54
2005.7	338	895	348	54
2005.8	339	895	348	54
2005.8	340	895	348	54
2005.8	341	895	348	54
2005.8	342	895	348	54
2005.8	343	895	348	54
2005.8	343	896	348	54
2005.8	344	896	348	54
2005.8	344	897	348	54
2005.8	345	897	348	54
2005.8	346	897	348	54
2005.8	347	897	348	54
2005.8	348	897	348	54
2005.8	349	897	348	54
2005.8	350	897	348	54
2005.8	351	897	348	54
2005.9	352	897	348	54
2005.9	353	897	348	54
2005.9	354	897	348	54
2005.9	355	897	348	54
2005.9	356	897	348	54
2005.9	357	897	348	54
2005.9	358	897	348	54
2005.9	358	897	348	55
2005.9	359	897	348	55
2005.9	360	897	348	55
2005.9	361	897	348	55
2005.9	362	897	348	55
2005.9	363	897	348	55
2005.9	364	897	348	55
2005.9	365	897	348	55
2006.0	366	897	348	55
2006.0	367	897	348	55
2006.0	367	897	349	55
2006.0	368	897	349	55
2006.0	369	897	349	55
2006.0	369	897	350	55
2006.0	370	897	350	55
2006.0	371	897	350	55
2006.0	372	897	350	55
2006.0	373	897	350	55
2006.0	374	897	350	55
2006.0	374	898	350	55
2006.0	375	898	350	55
2006.0	376	898	350	55
2006.0	377	898	350	55
2006.1	378	898	350	55
2006.1	379	898	350	55
2006.1	380	898	350	55
2006.1	380	899	350	55
2006.1	381	899	350	55
2006.1	382	899	350	55
2006.1	383	899	350	55
2006.1	384	899	350	55
2006.1	385	899	350	55
2006.1	386	899	350	55
2006.1	387	899	350	55
2006.1	388	899	350	55
2006.1	389	899	350	55
2006.1	389	900	350	55
2006.1	390	900	350	55
2006.2	390	901	350	55
2006.2	391	901	350	55
2006.2	391	901	351	55
2006.2	391	902	351	55
2006.2	392	902	351	55
2006.2	393	902	351	55
2006.2	394	902	351	55
2006.2	395	902	351	55
2006.2	396	902	351	55
2006.2	397	902	351	55
2006.2	397	903	351	55
2006.2	397	903	352	55
2006.2	398	903	352	55
2006.2	399	903	352	55
2006.3	399	903	352	56
2006.3	400	903	352	56
2006.3	400	904	352	56
2006.3	401	904	352	56
2006.3	402	904	352	56
2006.3	403	904	352	56
2006.3	404	904	352	56
2006.3	405	904	352	56
2006.3	406	904	352	56
2006.3	407	904	352	56
2006.3	408	904	352	56
2006.3	409	904	352	56
2006.3	410	904	352	56
2006.3	411	904	352	56
2006.3	412	904	352	56
2006.3	413	904	352	56
2006.4	414	904	352	56
2006.4	415	904	352	56
2006.4	416	904	352	56
2006.4	416	905	352	56
2006.4	417	905	352	56
2006.4	418	905	352	56
2006.4	419	905	352	56
2006.4	420	905	352	56
2006.4	421	905	352	56
2006.4	422	905	352	56
2006.4	423	905	352	56
2006.4	424	905	352	56
2006.4	425	905	352	56
2006.4	426	905	352	56
2006.4	427	905	352	56
2006.4	428	905	352	56
2006.4	429	905	352	56
2006.4	430	905	352	56
2006.4	431	905	352	56
2006.4	432	905	352	56
2006.4	432	906	352	56
2006.4	433	906	352	56
2006.4	434	906	352	56
2006.4	435	906	352	56
2006.4	436	906	352	56
2006.4	437	906	352	56
2006.5	438	906	352	56
2006.5	439	906	352	56
2006.5	440	906	352	56
2006.5	441	906	352	56
2006.5	442	906	352	56
2006.5	443	906	352	56
2006.5	444	906	352	56
2006.5	445	906	352	56
2006.5	446	906	352	56
2006.5	447	906	352	56
2006.5	448	906	352	56
2006.5	449	906	352	56
2006.6	449	907	352	56
2006.6	450	907	352	56
2006.6	451	907	352	56
2006.6	452	907	352	56
2006.6	453	907	352	56
2006.6	454	907	352	56
2006.6	455	907	352	56
2006.6	456	907	352	56
2006.6	457	907	352	56
2006.6	458	907	352	56
2006.6	459	907	352	56
2006.6	460	907	352	56
2006.6	461	907	352	56
2006.6	462	907	352	56
2006.6	463	907	352	56
2006.6	464	907	352	56
2006.7	465	907	352	56
2006.7	466	907	352	56
2006.7	467	907	352	56
2006.7	468	907	352	56
2006.7	469	907	352	56
2006.7	469	908	352	56
2006.7	470	908	352	56
2006.7	471	908	352	56
2006.7	471	909	352	56
2006.7	472	909	352	56
2006.7	472	910	352	56
2006.7	473	910	352	56
2006.7	474	910	352	56
2006.7	475	910	352	56
2006.7	476	910	352	56
2006.7	476	911	352	56
2006.7	477	911	352	56
2006.7	478	911	352	56
2006.7	479	911	352	56
2006.7	479	912	352	56
2006.8	480	912	352	56
2006.8	481	912	352	56
2006.8	482	912	352	56
2006.8	483	912	352	56
2006.8	484	912	352	56
2006.8	485	912	352	56
2006.8	486	912	352	56
2006.8	487	912	352	56
2006.8	487	913	352	56
2006.8	488	913	352	56
2006.8	489	913	352	56
2006.8	490	913	352	56
2006.8	490	914	352	56
2006.9	491	914	352	56
2006.9	492	914	352	56
2006.9	493	914	352	56
2006.9	494	914	352	56
2006.9	494	915	352	56
2006.9	495	915	352	56
2006.9	496	915	352	56
2006.9	497	915	352	56
2006.9	498	915	352	56
2006.9	499	915	352	56
2006.9	500	915	352	56
2006.9	500	916	352	56
2006.9	501	916	352	56
2006.9	502	916	352	56
2007.0	503	916	352	56
2007.0	504	916	352	56
2007.0	505	916	352	56
2007.0	506	916	352	56
2007.0	507	916	352	56
2007.0	508	916	352	56
2007.0	509	916	352	56
2007.0	510	916	352	56
2007.0	511	916	352	56
2007.0	512	916	352	56
2007.0	513	916	352	56
2007.0	514	916	352	56
2007.0	515	916	352	56
2007.0	516	916	352	56
2007.0	517	916	352	56
2007.0	518	916	352	56
2007.0	519	916	352	56
2007.1	519	917	352	56
2007.1	520	917	352	56
2007.1	520	918	352	56
2007.1	521	918	352	56
2007.1	522	918	352	56
2007.1	522	919	352	56
2007.1	523	919	352	56
2007.2	523	919	353	56
2007.2	524	919	353	56
2007.2	525	919	353	56
2007.2	525	920	353	56
2007.2	526	920	353	56
2007.2	526	921	353	56
2007.2379	527	921	353	56
2007.248858	528	921	353	56
2007.25274	529	921	353	56
2007.296575	529	922	353	56
2007.299315	529	923	353	56
2007.299315	530	923	353	56
2007.304795	531	923	353	56
2007.313014	532	923	353	56
2007.313014	533	923	353	56
2007.315753	534	923	353	56
2007.321233	535	923	353	56
2007.336073	536	923	353	56
2007.338813	537	923	353	56
2007.338813	538	923	353	56
2007.357991	539	923	353	56
2007.36621	540	923	353	56
2007.379909	541	923	353	56
2007.379909	542	923	353	56
2007.382648	542	924	353	56
2007.385388	543	924	353	56
2007.396347	544	924	353	56
2007.404566	544	925	353	56
2007.410046	545	925	353	56
2007.412785	546	925	353	56
2007.419406	547	925	353	56
2007.419406	548	925	353	56
2007.424886	549	925	353	56
2007.435845	550	925	353	56
2007.438584	551	925	353	56
2007.441324	551	926	353	56
2007.444064	552	926	353	56
2007.446804	553	926	353	56
2007.455023	554	926	353	56
2007.465982	555	926	353	56
2007.471461	556	926	353	56
2007.471461	557	926	353	56
2007.471461	558	926	353	56
2007.48242	558	927	353	56
2007.48242	559	927	353	56
2007.48242	560	927	353	56
2007.4879	561	927	353	56
2007.490639	562	927	353	56
2007.50274	563	927	353	56
2007.508219	564	927	353	56
2007.513699	565	927	353	56
2007.521918	566	927	353	56
2007.524658	566	928	353	56
2007.543836	567	928	353	56
2007.554795	568	928	353	56
2007.565753	568	929	353	56
2007.565753	569	929	353	56
2007.576712	570	929	353	56
2007.576712	571	929	353	56
2007.586073	572	929	353	56
2007.588813	573	929	353	56
2007.61895	574	929	353	56
2007.624429	575	929	353	56
2007.627169	576	929	353	56
2007.627169	577	929	353	56
2007.629909	578	929	353	56
2007.632648	579	929	353	56
2007.632648	580	929	353	56
2007.632648	581	929	353	56
2007.635388	582	929	353	56
2007.638128	583	929	353	56
2007.640868	584	929	353	56
2007.654566	584	930	353	56
2007.662785	585	930	353	56
2007.668265	586	930	353	56
2007.668265	587	930	353	56
2007.680365	588	930	353	56
2007.683105	589	930	353	56
2007.688584	590	930	353	56
2007.694064	591	930	353	56
2007.696804	592	930	353	56
2007.705023	592	931	353	56
2007.710502	593	931	353	56
2007.715982	594	931	353	56
2007.721461	594	932	353	56
2007.726941	595	932	353	56
2007.72968	596	932	353	56
2007.760959	597	932	353	56
2007.760959	598	932	353	56
2007.763699	599	932	353	56
2007.766438	600	932	353	56
2007.777397	601	932	353	56
2007.780137	602	932	353	56
2007.782877	603	932	353	56
2007.782877	604	932	353	56
2007.788356	605	932	353	56
2007.791096	606	932	353	56
2007.793836	607	932	353	56
2007.799315	608	932	353	56
2007.802055	609	932	353	56
2007.810274	610	932	353	56
2007.810274	611	932	353	56
2007.815753	612	932	353	56
2007.823973	613	932	353	56
2007.832192	614	932	353	56
2007.855251	615	932	353	56
2007.857991	615	933	353	56
2007.86347	616	933	353	56
2007.877169	617	933	353	56
2007.885388	618	933	353	56
2007.885388	619	933	353	56
2007.888128	619	934	353	56
2007.888128	619	935	353	56
2007.890868	620	935	353	56
2007.890868	621	935	353	56
2007.896347	621	936	353	56
2007.904566	622	936	353	56
2007.912785	623	936	353	56
2007.927626	624	936	353	56
2007.933105	625	936	353	56
2007.946804	626	936	353	56
2007.949543	627	936	353	56
2007.952283	628	936	353	56
2007.963242	629	936	353	56
2007.965982	630	936	353	56
2007.968721	631	936	353	56
2007.971461	632	936	353	56
2007.971461	633	936	353	56
2007.97968	634	936	353	56
2007.98516	635	936	353	56
2007.98516	636	936	353	56
2007.990639	637	936	353	56
2007.993379	638	936	353	56
2008.013699	638	937	353	56
2008.013699	639	937	353	56
2008.016438	640	937	353	56
2008.016438	641	937	353	56
2008.021918	642	937	353	56
2008.024658	643	937	353	56
2008.027397	644	937	353	56
2008.027397	645	937	353	56
2008.030137	646	937	353	56
2008.035616	647	937	353	56
2008.060274	648	937	353	56
2008.063014	649	937	353	56
2008.068493	650	937	353	56
2008.076712	650	938	353	56
2008.084932	651	938	353	56
2008.086073	652	938	353	56
2008.088813	653	938	353	56
2008.091553	653	939	353	56
2008.102511	653	940	353	56
2008.107991	654	940	353	56
2008.107991	655	940	353	56
2008.11347	656	940	353	56
2008.11347	657	940	353	56
2008.124429	657	941	353	56
2008.138128	658	941	353	56
2008.151826	659	941	353	56
2008.160046	660	941	353	56
2008.162785	661	941	353	56
2008.172146	661	942	353	56
2008.174886	662	942	353	56
2008.177626	663	942	353	56
2008.180365	664	942	353	56
2008.188584	665	942	353	56
2008.196804	666	942	353	56
2008.196804	667	942	353	56
2008.205023	668	942	353	56
2008.205023	669	942	353	56
2008.215982	670	942	353	56
2008.218721	671	942	353	56
2008.224201	671	943	353	56
2008.224201	672	943	353	56
2008.224201	673	943	353	56
2008.224201	674	943	353	56
2008.226941	674	944	353	56
2008.23242	675	944	353	56
2008.23516	676	944	353	56
2008.23516	677	944	353	56
2008.2379	678	944	353	56
2008.240639	679	944	353	56
2008.243379	680	944	353	56
2008.248858	681	944	353	56
2008.251598	682	944	353	56
2008.255479	683	944	353	56
2008.258219	684	944	353	56
2008.263699	685	944	353	56
2008.266438	686	944	353	56
2008.269178	687	944	353	56
2008.277397	688	944	353	56
2008.293836	689	944	353	56
2008.296575	690	944	353	56
2008.299315	691	944	353	56
2008.302055	692	944	353	56
2008.307534	693	944	353	56
2008.313014	694	944	353	56
2008.321233	695	944	353	56
2008.321233	696	944	353	56
2008.341553	697	944	353	56
2008.352511	697	944	354	56
2008.352511	698	944	354	56
2008.371689	699	944	354	56
2008.377169	700	944	354	56
2008.390868	701	944	354	56
2008.396347	702	944	354	56
2008.404566	703	944	354	56
2008.407306	704	944	354	56
2008.419406	704	945	354	56
2008.419406	705	945	354	56
2008.422146	706	945	354	56
2008.424886	706	946	354	56
2008.424886	707	946	354	56
2008.435845	708	946	354	56
2008.460502	709	946	354	56
2008.463242	710	946	354	56
2008.465982	711	946	354	56
2008.476941	712	946	354	56
2008.47968	713	946	354	56
2008.4879	714	946	354	56
2008.490639	714	947	354	56
2008.490639	715	947	354	56
2008.493379	716	947	354	56
2008.496119	716	948	354	56
2008.496119	716	949	354	56
2008.496119	717	949	354	56
2008.496119	718	949	354	56
2008.498858	719	949	354	56
2008.532877	719	950	354	56
2008.543836	720	950	354	56
2008.573973	721	950	354	56
2008.573973	722	950	354	56
2008.576712	723	950	354	56
2008.588813	724	950	354	56
2008.591553	725	950	354	56
2008.591553	726	950	354	56
2008.594292	727	950	354	56
2008.605251	728	950	354	56
2008.607991	729	950	354	56
2008.61347	730	950	354	56
2008.61895	731	950	354	56
2008.61895	732	950	354	56
2008.627169	733	950	354	56
2008.627169	734	950	354	56
2008.632648	735	950	354	56
2008.651826	736	950	354	56
2008.654566	737	950	354	56
2008.660046	738	950	354	56
2008.660046	739	950	354	56
2008.662785	739	950	355	56
2008.665525	740	950	355	56
2008.668265	741	950	355	56
2008.668265	742	950	355	56
2008.669406	743	950	355	56
2008.674886	744	950	355	56
2008.680365	744	951	355	56
2008.685845	745	951	355	56
2008.694064	745	951	355	57
2008.696804	746	951	355	57
2008.702283	747	951	355	57
2008.724201	748	951	355	57
2008.7379	748	952	355	57
2008.743379	748	953	355	57
2008.75274	749	953	355	57
2008.758219	750	953	355	57
2008.774658	751	953	355	57
2008.782877	752	953	355	57
2008.782877	753	953	355	57
2008.802055	753	954	355	57
2008.807534	754	954	355	57
2008.807534	755	954	355	57
2008.813014	756	954	355	57
2008.815753	756	955	355	57
2008.815753	756	956	355	57
2008.818493	756	956	356	57
2008.821233	757	956	356	57
2008.821233	758	956	356	57
2008.823973	759	956	356	57
2008.826712	760	956	356	57
2008.832192	760	957	356	57
2008.832192	761	957	356	57
2008.834932	762	957	356	57
2008.834932	763	957	356	57
2008.838813	764	957	356	57
2008.855251	765	957	356	57
2008.855251	766	957	356	57
2008.86621	767	957	356	57
2008.86895	767	958	356	57
2008.874429	768	958	356	57
2008.901826	768	959	356	57
2008.901826	769	959	356	57
2008.907306	769	960	356	57
2008.910046	769	961	356	57
2008.915525	770	961	356	57
2008.919406	770	962	356	57
2008.919406	771	962	356	57
2008.971461	772	962	356	57
2008.976941	772	963	356	57
2008.976941	772	964	356	57
2008.976941	773	964	356	57
2008.97968	774	964	356	57
2009.00274	775	964	356	57
2009.010959	776	964	356	57
2009.010959	777	964	356	57
2009.019178	778	964	356	57
2009.027397	779	964	356	57
2009.038356	780	964	356	57
2009.060274	781	964	356	57
2009.060274	782	964	356	57
2009.068493	783	964	356	57
2009.079452	784	964	356	57
2009.084932	785	964	356	57
2009.084932	786	964	356	57
2009.086073	787	964	356	57
2009.105251	788	964	356	57
2009.107991	789	964	356	57
2009.110731	790	964	356	57
2009.110731	791	964	356	57
2009.11621	792	964	356	57
2009.121689	793	964	356	57
2009.121689	794	964	356	57
2009.132648	794	965	356	57
2009.146347	794	966	356	57
2009.149087	794	967	356	57
2009.174886	794	968	356	57
2009.183105	795	968	356	57
2009.185845	796	968	356	57
2009.224201	797	968	356	57
2009.226941	798	968	356	57
2009.23242	799	968	356	57
2009.23516	800	968	356	57
2009.240639	801	968	356	57
2009.248858	802	968	356	57
2009.255479	803	968	356	57
2009.258219	804	968	356	57
2009.266438	805	968	356	57
2009.266438	806	968	356	57
2009.269178	807	968	356	57
2009.271918	807	969	356	57
2009.274658	808	969	356	57
2009.291096	809	969	356	57
2009.293836	809	970	356	57
2009.293836	810	970	356	57
2009.302055	811	970	356	57
2009.310274	812	970	356	57
2009.310274	813	970	356	57
2009.313014	814	970	356	57
2009.318493	814	971	356	57
2009.323973	815	971	356	57
2009.338813	815	972	356	57
2009.349772	816	972	356	57
2009.371689	817	972	356	57
2009.377169	818	972	356	57
2009.379909	819	972	356	57
2009.379909	820	972	356	57
2009.390868	821	972	356	57
2009.393607	822	972	356	57
2009.407306	822	973	356	57
2009.410046	822	974	356	57
2009.424886	823	974	356	57
2009.424886	824	974	356	57
2009.438584	825	974	356	57
2009.444064	826	974	356	57
2009.444064	827	974	356	57
2009.449543	828	974	356	57
2009.449543	829	974	356	57
2009.463242	830	974	356	57
2009.468721	831	974	356	57
2009.468721	832	974	356	57
2009.468721	833	974	356	57
2009.474201	834	974	356	57
2009.474201	835	974	356	57
2009.47968	835	975	356	57
2009.48242	836	975	356	57
2009.48516	836	976	356	57
2009.48516	837	976	356	57
2009.48516	838	976	356	57
2009.496119	839	976	356	57
2009.50274	840	976	356	57
2009.505479	841	976	356	57
2009.516438	842	976	356	57
2009.524658	843	976	356	57
2009.527397	844	976	356	57
2009.532877	845	976	356	57
2009.535616	846	976	356	57
2009.535616	847	976	356	57
2009.538356	848	976	356	57
2009.549315	849	976	356	57
2009.552055	849	977	356	57
2009.571233	850	977	356	57
2009.573973	851	977	356	57
2009.579452	852	977	356	57
2009.582192	853	977	356	57
2009.602511	854	977	356	57
2009.605251	855	977	356	57
2009.607991	856	977	356	57
2009.610731	856	978	356	57
2009.61347	857	978	356	57
2009.61621	858	978	356	57
2009.61895	858	979	356	57
2009.627169	859	979	356	57
2009.627169	860	979	356	57
2009.638128	861	979	356	57
2009.640868	862	979	356	57
2009.643607	863	979	356	57
2009.654566	864	979	356	57
2009.657306	865	979	356	57
2009.657306	866	979	356	57
2009.665525	866	980	356	57
2009.665525	867	980	356	57
2009.672146	868	980	356	57
2009.691324	869	980	356	57
2009.691324	870	980	356	57
2009.691324	871	980	356	57
2009.72968	872	980	356	57
2009.73242	873	980	356	57
2009.7379	874	980	356	57
2009.740639	875	980	356	57
2009.743379	876	980	356	57
2009.746119	877	980	356	57
2009.755479	878	980	356	57
2009.766438	878	980	357	57
2009.769178	879	980	357	57
2009.774658	880	980	357	57
2009.777397	881	980	357	57
2009.780137	882	980	357	57
2009.785616	883	980	357	57
2009.788356	884	980	357	57
2009.791096	884	981	357	57
2009.799315	885	981	357	57
2009.813014	886	981	357	57
2009.813014	887	981	357	57
2009.815753	887	982	357	57
2009.821233	888	982	357	57
2009.829452	889	982	357	57
2009.841553	890	982	357	57
2009.857991	891	982	357	57
2009.857991	892	982	357	57
2009.879909	893	982	357	57
2009.885388	894	982	357	57
2009.888128	894	983	357	57
2009.890868	895	983	357	57
2009.899087	896	983	357	57
2009.907306	897	983	357	57
2009.924886	897	984	357	57
2009.924886	898	984	357	57
2009.938584	899	984	357	57
2009.946804	900	984	357	57
2009.952283	900	985	357	57
2009.957763	901	985	357	57
2009.963242	902	985	357	57
2009.974201	903	985	357	57
2009.97968	904	985	357	57
2009.98242	905	985	357	57
2009.9879	906	985	357	57
2009.9879	907	985	357	57
2010.001598	908	985	357	57
2010.00274	909	985	357	57
2010.016438	909	986	357	57
2010.019178	910	986	357	57
2010.027397	911	986	357	57
2010.035616	911	987	357	57
2010.041096	912	987	357	57
2010.043836	912	988	357	57
2010.043836	913	988	357	57
2010.049315	914	988	357	57
2010.057534	915	988	357	57
2010.060274	916	988	357	57
2010.079452	917	988	357	57
2010.079452	918	988	357	57
2010.082192	919	988	357	57
2010.086073	920	988	357	57
2010.091553	921	988	357	57
2010.094292	921	989	357	57
2010.097032	922	989	357	57
2010.102511	923	989	357	57
2010.102511	924	989	357	57
2010.105251	925	989	357	57
2010.11621	925	990	357	57
2010.11895	925	991	357	57
2010.124429	926	991	357	57
2010.132648	926	992	357	57
2010.135388	927	992	357	57
2010.138128	928	992	357	57
2010.140868	929	992	357	57
2010.149087	930	992	357	57
2010.154566	931	992	357	57
2010.157306	932	992	357	57
2010.169406	933	992	357	57
2010.174886	934	992	357	57
2010.180365	935	992	357	57
2010.205023	936	992	357	57
2010.207763	937	992	357	57
2010.207763	938	992	357	57
2010.207763	939	992	357	57
2010.210502	940	992	357	57
2010.210502	941	992	357	57
2010.213242	942	992	357	57
2010.248858	943	992	357	57
2010.248858	944	992	357	57
2010.255479	945	992	357	57
2010.258219	946	992	357	57
2010.271918	947	992	357	57
2010.280137	948	992	357	57
2010.282877	949	992	357	57
2010.285616	950	992	357	57
2010.288356	951	992	357	57
2010.291096	951	993	357	57
2010.293836	952	993	357	57
2010.321233	953	993	357	57
2010.329452	953	994	357	57
2010.329452	954	994	357	57
2010.329452	955	994	357	57
2010.338813	956	994	357	57
2010.347032	957	994	357	57
2010.349772	958	994	357	57
2010.355251	959	994	357	57
2010.36347	960	994	357	57
2010.377169	960	994	358	57
2010.377169	961	994	358	57
2010.379909	962	994	358	57
2010.379909	963	994	358	57
2010.382648	963	995	358	57
2010.385388	964	995	358	57
2010.388128	965	995	358	57
2010.401826	966	995	358	57
2010.410046	967	995	358	57
2010.415525	967	996	358	57
2010.422146	968	996	358	57
2010.433105	969	996	358	57
2010.438584	970	996	358	57
2010.438584	971	996	358	57
2010.441324	972	996	358	57
2010.449543	973	996	358	57
2010.465982	974	996	358	57
2010.474201	974	997	358	57
2010.498858	975	997	358	57
2010.508219	976	997	358	57
2010.508219	977	997	358	57
2010.508219	978	997	358	57
2010.513699	979	997	358	57
2010.519178	980	997	358	57
2010.524658	981	997	358	57
2010.527397	982	997	358	57
2010.527397	983	997	358	57
2010.538356	984	997	358	57
2010.552055	985	997	358	57
2010.557534	985	997	359	57
2010.557534	986	997	359	57
2010.565753	987	997	359	57
2010.573973	988	997	359	57
2010.576712	989	997	359	57
2010.579452	990	997	359	57
2010.584932	991	997	359	57
2010.591553	992	997	359	57
2010.605251	993	997	359	57
2010.605251	994	997	359	57
2010.607991	994	998	359	57
2010.610731	995	998	359	57
2010.610731	996	998	359	57
2010.61347	997	998	359	57
2010.61347	998	998	359	57
2010.624429	999	998	359	57
2010.632648	1000	998	359	57
2010.635388	1001	998	359	57
2010.643607	1002	998	359	57
2010.654566	1003	998	359	57
2010.657306	1004	998	359	57
2010.669406	1005	998	359	57
2010.674886	1006	998	359	57
2010.677626	1007	998	359	57
2010.677626	1008	998	359	57
2010.685845	1008	999	359	57
2010.685845	1009	999	359	57
2010.691324	1009	1000	359	57
2010.691324	1010	1000	359	57
2010.691324	1011	1000	359	57
2010.699543	1012	1000	359	57
2010.707763	1013	1000	359	57
2010.707763	1014	1000	359	57
2010.715982	1015	1000	359	57
2010.726941	1016	1000	359	57
2010.740639	1016	1000	359	58
2010.743379	1017	1000	359	58
2010.743379	1018	1000	359	58
2010.75274	1019	1000	359	58
2010.755479	1020	1000	359	58
2010.758219	1021	1000	359	58
2010.774658	1022	1000	359	58
2010.782877	1023	1000	359	58
2010.796575	1024	1000	359	58
2010.796575	1025	1000	359	58
2010.804795	1026	1000	359	58
2010.804795	1027	1000	359	58
2010.807534	1028	1000	359	58
2010.807534	1029	1000	359	58
2010.823973	1030	1000	359	58
2010.826712	1030	1001	359	58
2010.826712	1031	1001	359	58
2010.832192	1032	1001	359	58
2010.834932	1033	1001	359	58
2010.836073	1034	1001	359	58
2010.838813	1035	1001	359	58
2010.847032	1036	1001	359	58
2010.855251	1036	1002	359	58
2010.855251	1037	1002	359	58
2010.86347	1037	1003	359	58
2010.86621	1037	1003	360	58
2010.86895	1038	1003	360	58
2010.885388	1039	1003	360	58
2010.888128	1040	1003	360	58
2010.888128	1041	1003	360	58
2010.904566	1042	1003	360	58
2010.907306	1042	1003	361	58
2010.907306	1043	1003	361	58
2010.910046	1044	1003	361	58
2010.924886	1045	1003	361	58
2010.941324	1045	1004	361	58
2010.941324	1046	1004	361	58
2010.952283	1047	1004	361	58
2010.957763	1048	1004	361	58
2010.963242	1049	1004	361	58
2010.963242	1050	1004	361	58
2010.9879	1051	1004	361	58
2010.990639	1052	1004	361	58
2010.993379	1053	1004	361	58
2010.996119	1054	1004	361	58
2010.998858	1055	1004	361	58
2011.008219	1056	1004	361	58
2011.010959	1056	1005	361	58
2011.019178	1056	1005	362	58
2011.024658	1056	1006	362	58
2011.032877	1057	1006	362	58
2011.041096	1058	1006	362	58
2011.046575	1059	1006	362	58
2011.052055	1059	1007	362	58
2011.054795	1060	1007	362	58
2011.057534	1061	1007	362	58
2011.068493	1062	1007	362	58
2011.073973	1063	1007	362	58
2011.084932	1064	1007	362	58
2011.086073	1065	1007	362	58
2011.105251	1065	1008	362	58
2011.105251	1066	1008	362	58
2011.124429	1067	1008	362	58
2011.135388	1068	1008	362	58
2011.135388	1069	1008	362	58
2011.149087	1070	1008	362	58
2011.151826	1071	1008	362	58
2011.154566	1072	1008	362	58
2011.157306	1073	1008	362	58
2011.160046	1074	1008	362	58
2011.160046	1075	1008	362	58
2011.160046	1076	1008	362	58
2011.169406	1077	1008	362	58
2011.183105	1077	1008	363	58
2011.183105	1077	1009	363	58
2011.185845	1078	1009	363	58
2011.215982	1079	1009	363	58
2011.226941	1080	1009	363	58
2011.226941	1081	1009	363	58
2011.240639	1082	1009	363	58
2011.248858	1083	1009	363	58
2011.266438	1083	1010	363	58
2011.266438	1084	1010	363	58
2011.271918	1085	1010	363	58
2011.277397	1086	1010	363	58
2011.285616	1087	1010	363	58
2011.299315	1088	1010	363	58
2011.302055	1089	1010	363	58
2011.304795	1090	1010	363	58
2011.313014	1091	1010	363	58
2011.321233	1092	1010	363	58
2011.323973	1093	1010	363	58
2011.329452	1094	1010	363	58
2011.332192	1095	1010	363	58
2011.341553	1096	1010	363	58
2011.355251	1097	1010	363	58
2011.360731	1098	1010	363	58
2011.36895	1098	1011	363	58
2011.377169	1099	1011	363	58
2011.401826	1100	1011	363	58
2011.415525	1101	1011	363	58
2011.419406	1102	1011	363	58
2011.419406	1103	1011	363	58
2011.424886	1104	1011	363	58
2011.430365	1105	1011	363	58
2011.430365	1106	1011	363	58
2011.435845	1107	1011	363	58
2011.441324	1108	1011	363	58
2011.441324	1109	1011	363	58
2011.446804	1110	1011	363	58
2011.449543	1111	1011	363	58
2011.460502	1111	1012	363	58
2011.50274	1112	1012	363	58
2011.505479	1112	1013	363	58
2011.519178	1113	1013	363	58
2011.521918	1114	1013	363	58
2011.527397	1115	1013	363	58
2011.535616	1116	1013	363	58
2011.543836	1117	1013	363	58
2011.552055	1118	1013	363	58
2011.568493	1119	1013	363	58
2011.576712	1120	1013	363	58
2011.584932	1121	1013	363	58
2011.588813	1121	1014	363	58
2011.594292	1122	1014	363	58
2011.599772	1123	1014	363	58
2011.599772	1124	1014	363	58
2011.605251	1125	1014	363	58
2011.624429	1126	1014	363	58
2011.627169	1126	1015	363	58
2011.635388	1127	1015	363	58
2011.640868	1128	1015	363	58
2011.643607	1129	1015	363	58
2011.674886	1130	1015	363	58
2011.674886	1131	1015	363	58
2011.674886	1132	1015	363	58
2011.688584	1133	1015	363	58
2011.694064	1134	1015	363	58
2011.696804	1135	1015	363	58
2011.696804	1136	1015	363	58
2011.707763	1137	1015	363	58
2011.710502	1137	1016	363	58
2011.710502	1138	1016	363	58
2011.715982	1139	1016	363	58
2011.721461	1140	1016	363	58
2011.726941	1141	1016	363	58
2011.72968	1142	1016	363	58
2011.73242	1143	1016	363	58
2011.73516	1144	1016	363	58
2011.771918	1145	1016	363	58
2011.771918	1146	1016	363	58
2011.774658	1147	1016	363	58
2011.782877	1148	1016	363	58
2011.807534	1148	1016	364	58
2011.807534	1149	1016	364	58
2011.810274	1149	1017	364	58
2011.821233	1150	1017	364	58
2011.832192	1150	1018	364	58
2011.849772	1151	1018	364	58
2011.857991	1152	1018	364	58
2011.86347	1153	1018	364	58
2011.86347	1154	1018	364	58
2011.86621	1155	1018	364	58
2011.86895	1155	1019	364	58
2011.879909	1156	1019	364	58
2011.885388	1157	1019	364	58
2011.888128	1158	1019	364	58
2011.899087	1159	1019	364	58
2011.901826	1160	1019	364	58
2011.919406	1161	1019	364	58
2011.922146	1162	1019	364	58
2011.930365	1163	1019	364	58
2011.941324	1163	1020	364	58
2011.946804	1164	1020	364	58
2011.955023	1165	1020	364	58
2011.960502	1166	1020	364	58
2011.963242	1167	1020	364	58
2011.965982	1168	1020	364	58
2011.965982	1169	1020	364	58
2011.968721	1170	1020	364	58
2011.974201	1171	1020	364	58
2011.9879	1172	1020	364	58
2011.993379	1173	1020	364	58
2012.016438	1174	1020	364	58
2012.019178	1174	1021	364	58
2012.019178	1175	1021	364	58
2012.021918	1176	1021	364	58
2012.030137	1176	1022	364	58
2012.030137	1176	1023	364	58
2012.030137	1177	1023	364	58
2012.052055	1178	1023	364	58
2012.060274	1179	1023	364	58
2012.060274	1180	1023	364	58
2012.063014	1181	1023	364	58
2012.068493	1182	1023	364	58
2012.076712	1183	1023	364	58
2012.076712	1184	1023	364	58
2012.094292	1185	1023	364	58
2012.097032	1185	1024	364	58
2012.151826	1186	1024	364	58
2012.169406	1187	1024	364	58
2012.183105	1188	1024	364	58
2012.185845	1188	1024	365	58
2012.188584	1189	1024	365	58
2012.196804	1189	1025	365	58
2012.196804	1190	1025	365	58
2012.199543	1190	1026	365	58
2012.215982	1191	1026	365	58
2012.226941	1192	1026	365	58
2012.22968	1193	1026	365	58
2012.246119	1194	1026	365	58
2012.246119	1195	1026	365	58
2012.246119	1196	1026	365	58
2012.248858	1197	1026	365	58
2012.248858	1198	1026	365	58
2012.251598	1199	1026	365	58
2012.255479	1200	1026	365	58
2012.258219	1201	1026	365	58
2012.266438	1202	1026	365	58
2012.271918	1203	1026	365	58
2012.285616	1204	1026	365	58
2012.293836	1205	1026	365	58
2012.299315	1205	1027	365	58
2012.304795	1205	1028	365	58
2012.304795	1206	1028	365	58
2012.307534	1206	1029	365	58
2012.310274	1207	1029	365	58
2012.323973	1208	1029	365	58
2012.336073	1208	1030	365	58
2012.336073	1208	1031	365	58
2012.336073	1209	1031	365	58
2012.338813	1210	1031	365	58
2012.341553	1210	1031	366	58
2012.341553	1211	1031	366	58
2012.341553	1212	1031	366	58
2012.347032	1213	1031	366	58
2012.352511	1214	1031	366	58
2012.357991	1215	1031	366	58
2012.360731	1216	1031	366	58
2012.36621	1217	1031	366	58
2012.36621	1218	1031	366	58
2012.371689	1219	1031	366	58
2012.407306	1220	1031	366	58
2012.419406	1220	1032	366	58
2012.422146	1221	1032	366	58
2012.422146	1222	1032	366	58
2012.422146	1223	1032	366	58
2012.430365	1224	1032	366	58
2012.433105	1225	1032	366	58
2012.438584	1225	1033	366	58
2012.438584	1226	1033	366	58
2012.449543	1227	1033	366	58
2012.457763	1228	1033	366	58
2012.460502	1229	1033	366	58
2012.474201	1230	1033	366	58
2012.47968	1231	1033	366	58
2012.47968	1232	1033	366	58
2012.48516	1233	1033	366	58
2012.493379	1233	1034	366	58
2012.496119	1234	1034	366	58
2012.498858	1235	1034	366	58
2012.521918	1236	1034	366	58
2012.532877	1237	1034	366	58
2012.535616	1238	1034	366	58
2012.543836	1238	1035	366	58
2012.549315	1239	1035	366	58
2012.549315	1240	1035	366	58
2012.560274	1240	1036	366	58
2012.565753	1241	1036	366	58
2012.568493	1242	1036	366	58
2012.571233	1242	1037	366	58
2012.571233	1243	1037	366	58
2012.584932	1244	1037	366	58
2012.588813	1245	1037	366	58
2012.594292	1246	1037	366	58
2012.605251	1247	1037	366	58
2012.607991	1248	1037	366	58
2012.621689	1249	1037	366	58
2012.627169	1250	1037	366	58
2012.629909	1251	1037	366	58
2012.635388	1252	1037	366	58
2012.635388	1253	1037	366	58
2012.638128	1254	1037	366	58
2012.646347	1255	1037	366	58
2012.649087	1256	1037	366	58
2012.651826	1257	1037	366	58
2012.651826	1258	1037	366	58
2012.651826	1259	1037	366	58
2012.651826	1260	1037	366	58
2012.654566	1261	1037	366	58
2012.677626	1262	1037	366	58
2012.685845	1263	1037	366	58
2012.688584	1263	1037	367	58
2012.691324	1264	1037	367	58
2012.691324	1265	1037	367	58
2012.694064	1266	1037	367	58
2012.710502	1267	1037	367	58
2012.713242	1267	1038	367	58
2012.718721	1268	1038	367	58
2012.724201	1269	1038	367	58
2012.743379	1269	1039	367	58
2012.743379	1270	1039	367	58
2012.760959	1271	1039	367	58
2012.766438	1272	1039	367	58
2012.771918	1273	1039	367	58
2012.780137	1274	1039	367	58
2012.782877	1274	1040	367	58
2012.791096	1275	1040	367	58
2012.796575	1276	1040	367	58
2012.796575	1277	1040	367	58
2012.802055	1278	1040	367	58
2012.804795	1278	1041	367	58
2012.810274	1279	1041	367	58
2012.818493	1280	1041	367	58
2012.821233	1281	1041	367	58
2012.834932	1282	1041	367	58
2012.847032	1283	1041	367	58
2012.852511	1284	1041	367	58
2012.871689	1285	1041	367	58
2012.882648	1286	1041	367	58
2012.885388	1287	1041	367	58
2012.890868	1288	1041	367	58
2012.901826	1289	1041	367	58
2012.904566	1290	1041	367	58
2012.907306	1290	1042	367	58
2012.919406	1290	1043	367	58
2012.919406	1291	1043	367	58
2012.924886	1292	1043	367	58
2012.930365	1293	1043	367	58
2012.930365	1294	1043	367	58
2012.930365	1295	1043	367	58
2012.949543	1296	1043	367	58
2012.971461	1297	1043	367	58
2012.971461	1298	1043	367	58
2012.974201	1299	1043	367	58
2012.990639	1300	1043	367	58
2012.996119	1301	1043	367	58
2013.005479	1302	1043	367	58
2013.019178	1303	1043	367	58
2013.019178	1304	1043	367	58
2013.019178	1305	1043	367	58
2013.021918	1306	1043	367	58
2013.021918	1307	1043	367	58
2013.021918	1308	1043	367	58
2013.035616	1308	1044	367	58
2013.043836	1309	1044	367	58
2013.057534	1310	1044	367	58
2013.060274	1310	1045	367	58
2013.063014	1311	1045	367	58
2013.065753	1312	1045	367	58
2013.071233	1312	1046	367	58
2013.071233	1313	1046	367	58
2013.097032	1314	1046	367	58
2013.099772	1314	1047	367	58
2013.107991	1315	1047	367	58
2013.107991	1316	1047	367	58
2013.11347	1317	1047	367	58
2013.11347	1318	1047	367	58
2013.11621	1319	1047	367	58
2013.121689	1320	1047	367	58
2013.124429	1321	1047	367	58
2013.124429	1322	1047	367	58
2013.127169	1323	1047	367	58
2013.135388	1324	1047	367	58
2013.140868	1324	1048	367	58
2013.143607	1325	1048	367	58
2013.157306	1326	1048	367	58
2013.157306	1327	1048	367	58
2013.157306	1328	1048	367	58
2013.194064	1329	1048	367	58
2013.202283	1330	1048	367	58
2013.210502	1331	1048	367	58
2013.213242	1332	1048	367	58
2013.218721	1333	1048	367	58
2013.224201	1334	1048	367	58
2013.226941	1335	1048	367	58
2013.246119	1336	1048	367	58
2013.248858	1337	1048	367	58
2013.260959	1338	1048	367	58
2013.263699	1339	1048	367	58
2013.266438	1340	1048	367	58
2013.269178	1341	1048	367	58
2013.271918	1342	1048	367	58
2013.277397	1343	1048	367	58
2013.277397	1344	1048	367	58
2013.280137	1344	1048	367	59
2013.280137	1345	1048	367	59
2013.280137	1346	1048	367	59
2013.299315	1347	1048	367	59
2013.302055	1348	1048	367	59
2013.304795	1348	1049	367	59
2013.318493	1349	1049	367	59
2013.321233	1350	1049	367	59
2013.323973	1351	1049	367	59
2013.323973	1352	1049	367	59
2013.341553	1353	1049	367	59
2013.344292	1353	1050	367	59
2013.36347	1354	1050	367	59
2013.36895	1354	1051	367	59
2013.382648	1355	1051	367	59
2013.390868	1356	1051	367	59
2013.393607	1356	1052	367	59
2013.393607	1357	1052	367	59
2013.399087	1357	1053	367	59
2013.399087	1357	1054	367	59
2013.418265	1358	1054	367	59
2013.424886	1359	1054	367	59
2013.427626	1360	1054	367	59
2013.438584	1361	1054	367	59
2013.441324	1362	1054	367	59
2013.452283	1363	1054	367	59
2013.457763	1364	1054	367	59
2013.460502	1365	1054	367	59
2013.460502	1366	1054	367	59
2013.460502	1367	1054	367	59
2013.465982	1368	1054	367	59
2013.48242	1369	1054	367	59
2013.4879	1370	1054	367	59
2013.505479	1370	1055	367	59
2013.524658	1370	1056	367	59
2013.524658	1371	1056	367	59
2013.524658	1372	1056	367	59
2013.527397	1373	1056	367	59
2013.532877	1374	1056	367	59
2013.538356	1375	1056	367	59
2013.565753	1376	1056	367	59
2013.571233	1377	1056	367	59
2013.576712	1378	1056	367	59
2013.586073	1379	1056	367	59
2013.591553	1380	1056	367	59
2013.602511	1381	1056	367	59
2013.602511	1382	1056	367	59
2013.602511	1383	1056	367	59
2013.602511	1384	1056	367	59
2013.610731	1385	1056	367	59
2013.61621	1386	1056	367	59
2013.627169	1386	1057	367	59
2013.632648	1387	1057	367	59
2013.651826	1388	1057	367	59
2013.657306	1389	1057	367	59
2013.657306	1390	1057	367	59
2013.668265	1391	1057	367	59
2013.674886	1392	1057	367	59
2013.674886	1393	1057	367	59
2013.696804	1394	1057	367	59
2013.710502	1394	1058	367	59
2013.713242	1395	1058	367	59
2013.718721	1396	1058	367	59
2013.726941	1396	1059	367	59
2013.73242	1396	1060	367	59
2013.73516	1397	1060	367	59
2013.755479	1398	1060	367	59
2013.755479	1399	1060	367	59
2013.758219	1400	1060	367	59
2013.771918	1401	1060	367	59
2013.774658	1402	1060	367	59
2013.777397	1402	1061	367	59
2013.782877	1403	1061	367	59
2013.791096	1403	1062	367	59
2013.796575	1404	1062	367	59
2013.807534	1405	1062	367	59
2013.810274	1406	1062	367	59
2013.818493	1407	1062	367	59
2013.826712	1408	1062	367	59
2013.829452	1409	1062	367	59
2013.847032	1410	1062	367	59
2013.86621	1411	1062	367	59
2013.879909	1412	1062	367	59
2013.885388	1413	1062	367	59
2013.888128	1413	1063	367	59
2013.888128	1413	1064	367	59
2013.896347	1413	1064	368	59
2013.899087	1413	1065	368	59
2013.910046	1414	1065	368	59
2013.915525	1414	1065	369	59
2013.922146	1415	1065	369	59
2013.924886	1416	1065	369	59
2013.927626	1417	1065	369	59
2013.935845	1418	1065	369	59
2013.946804	1419	1065	369	59
2013.957763	1420	1065	369	59
2013.965982	1421	1065	369	59
2013.98516	1422	1065	369	59
2013.996119	1423	1065	369	59
2013.996119	1424	1065	369	59
2013.998858	1424	1066	369	59
2013.998858	1425	1066	369	59
2014.001598	1426	1066	369	59
2014.00274	1427	1066	369	59
2014.005479	1427	1066	370	59
2014.008219	1427	1067	370	59
2014.008219	1428	1067	370	59
2014.024658	1428	1068	370	59
2014.027397	1428	1069	370	59
2014.035616	1429	1069	370	59
2014.038356	1430	1069	370	59
2014.049315	1431	1069	370	59
2014.049315	1432	1069	370	59
2014.052055	1433	1069	370	59
2014.065753	1434	1069	370	59
2014.071233	1435	1069	370	59
2014.076712	1436	1069	370	59
2014.076712	1437	1069	370	59
2014.079452	1437	1070	370	59
2014.088813	1437	1071	370	59
2014.088813	1438	1071	370	59
2014.091553	1438	1072	370	59
2014.099772	1438	1073	370	59
2014.105251	1438	1074	370	59
2014.121689	1439	1074	370	59
2014.140868	1440	1074	370	59
2014.151826	1441	1074	370	59
2014.157306	1442	1074	370	59
2014.169406	1442	1075	370	59
2014.174886	1443	1075	370	59
2014.205023	1444	1075	370	59
2014.215982	1444	1076	370	59
2014.215982	1445	1076	370	59
2014.221461	1446	1076	370	59
2014.23516	1447	1076	370	59
2014.266438	1448	1076	370	59
2014.293836	1448	1077	370	59
2014.318493	1448	1078	370	59
2014.323973	1448	1079	370	59
2014.323973	1449	1079	370	59
2014.341553	1449	1080	370	59
2014.36621	1450	1080	370	59
2014.36895	1451	1080	370	59
2014.379909	1452	1080	370	59
2014.390868	1453	1080	370	59
2014.393607	1453	1080	371	59
2014.410046	1453	1080	372	59
2014.410046	1454	1080	372	59
2014.427626	1455	1080	372	59
2014.430365	1456	1080	372	59
2014.433105	1457	1080	372	59
2014.438584	1458	1080	372	59
2014.446804	1459	1080	372	59
2014.452283	1459	1081	372	59
2014.457763	1460	1081	372	59
2014.460502	1461	1081	372	59
2014.465982	1462	1081	372	59
2014.465982	1463	1081	372	59
2014.468721	1464	1081	372	59
2014.4879	1465	1081	372	59
2014.4879	1466	1081	372	59
2014.496119	1467	1081	372	59
2014.508219	1468	1081	372	59
2014.513699	1468	1082	372	59
2014.516438	1469	1082	372	59
2014.519178	1470	1082	372	59
2014.543836	1471	1082	372	59
2014.546575	1472	1082	372	59
2014.563014	1473	1082	372	59
2014.571233	1474	1082	372	59
2014.573973	1474	1083	372	59
2014.584932	1474	1083	373	59
2014.597032	1475	1083	373	59
2014.605251	1476	1083	373	59
2014.632648	1477	1083	373	59
2014.635388	1477	1083	373	60
2014.643607	1477	1084	373	60
2014.649087	1478	1084	373	60
2014.662785	1478	1085	373	60
2014.665525	1479	1085	373	60
2014.669406	1479	1086	373	60
2014.680365	1480	1086	373	60
2014.680365	1481	1086	373	60
2014.694064	1482	1086	373	60
2014.699543	1483	1086	373	60
2014.715982	1484	1086	373	60
2014.724201	1485	1086	373	60
2014.73516	1486	1086	373	60
2014.7379	1487	1086	373	60
2014.740639	1488	1086	373	60
2014.743379	1489	1086	373	60
2014.760959	1490	1086	373	60
2014.760959	1491	1086	373	60
2014.760959	1492	1086	373	60
2014.763699	1493	1086	373	60
2014.763699	1494	1086	373	60
2014.763699	1495	1086	373	60
2014.766438	1495	1087	373	60
2014.782877	1496	1087	373	60
2014.785616	1497	1087	373	60
2014.821233	1498	1087	373	60
2014.823973	1499	1087	373	60
2014.823973	1500	1087	373	60
2014.826712	1500	1088	373	60
2014.829452	1501	1088	373	60
2014.844292	1502	1088	373	60
2014.844292	1503	1088	373	60
2014.852511	1503	1089	373	60
2014.86347	1503	1090	373	60
2014.86621	1503	1090	374	60
2014.871689	1503	1091	374	60
2014.877169	1503	1092	374	60
2014.930365	1504	1092	374	60
2014.930365	1505	1092	374	60
2014.938584	1506	1092	374	60
2014.938584	1507	1092	374	60
2014.941324	1508	1092	374	60
2014.949543	1509	1092	374	60
2014.949543	1510	1092	374	60
2014.952283	1510	1092	375	60
2014.952283	1511	1092	375	60
2014.990639	1512	1092	375	60
2014.993379	1513	1092	375	60
2014.996119	1514	1092	375	60
2014.998858	1514	1092	376	60
2014.998858	1515	1092	376	60
2015.001598	1516	1092	376	60
2015.008219	1517	1092	376	60
2015.010959	1518	1092	376	60
2015.019178	1518	1093	376	60
2015.032877	1519	1093	376	60
2015.057534	1520	1093	376	60
2015.057534	1521	1093	376	60
2015.068493	1521	1094	376	60
2015.071233	1522	1094	376	60
2015.088813	1523	1094	376	60
2015.088813	1524	1094	376	60
2015.091553	1524	1095	376	60
2015.099772	1525	1095	376	60
2015.110731	1526	1095	376	60
2015.110731	1527	1095	376	60
2015.11347	1528	1095	376	60
2015.11347	1529	1095	376	60
2015.11621	1530	1095	376	60
2015.11895	1531	1095	376	60
2015.124429	1531	1095	377	60
2015.138128	1531	1096	377	60
2015.154566	1531	1097	377	60
2015.172146	1532	1097	377	60
2015.177626	1533	1097	377	60
2015.185845	1533	1097	378	60
2015.194064	1534	1097	378	60
2015.205023	1535	1097	378	60
2015.226941	1536	1097	378	60
2015.248858	1537	1097	378	60
2015.263699	1538	1097	378	60
2015.263699	1539	1097	378	60
2015.263699	1540	1097	378	60
2015.269178	1541	1097	378	60
2015.288356	1541	1097	379	60
2015.296575	1542	1097	379	60
2015.304795	1542	1098	379	60
2015.313014	1543	1098	379	60
2015.315753	1544	1098	379	60
2015.321233	1545	1098	379	60
2015.321233	1546	1098	379	60
2015.321233	1547	1098	379	60
2015.323973	1547	1099	379	60
2015.332192	1547	1100	379	60
2015.344292	1548	1100	379	60
2015.349772	1549	1100	379	60
2015.352511	1550	1100	379	60
2015.355251	1551	1100	379	60
2015.36347	1552	1100	379	60
2015.36621	1552	1101	379	60
2015.382648	1553	1101	379	60
2015.390868	1553	1102	379	60
2015.404566	1554	1102	379	60
2015.412785	1555	1102	379	60
2015.415525	1556	1102	379	60
2015.418265	1557	1102	379	60
2015.418265	1558	1102	379	60
2015.419406	1558	1103	379	60
2015.427626	1559	1103	379	60
2015.430365	1560	1103	379	60
2015.430365	1561	1103	379	60
2015.430365	1562	1103	379	60
2015.441324	1563	1103	379	60
2015.465982	1564	1103	379	60
2015.48242	1565	1103	379	60
2015.4879	1566	1103	379	60
2015.50274	1567	1103	379	60
2015.532877	1568	1103	379	60
2015.543836	1569	1103	379	60
2015.549315	1570	1103	379	60
2015.552055	1571	1103	379	60
2015.557534	1572	1103	379	60
2015.563014	1573	1103	379	60
2015.563014	1574	1103	379	60
2015.563014	1575	1103	379	60
2015.565753	1576	1103	379	60
2015.588813	1577	1103	379	60
2015.599772	1578	1103	379	60
2015.605251	1579	1103	379	60
2015.607991	1580	1103	379	60
2015.610731	1580	1104	379	60
2015.624429	1581	1104	379	60
2015.624429	1582	1104	379	60
2015.632648	1583	1104	379	60
2015.635388	1583	1105	379	60
2015.635388	1584	1105	379	60
2015.635388	1585	1105	379	60
2015.638128	1586	1105	379	60
2015.643607	1587	1105	379	60
2015.654566	1588	1105	379	60
2015.657306	1589	1105	379	60
2015.660046	1589	1106	379	60
2015.660046	1590	1106	379	60
2015.665525	1591	1106	379	60
2015.668265	1592	1106	379	60
2015.685845	1593	1106	379	60
2015.688584	1594	1106	379	60
2015.688584	1595	1106	379	60
2015.691324	1596	1106	379	60
2015.699543	1596	1107	379	60
2015.713242	1597	1107	379	60
2015.715982	1598	1107	379	60
2015.718721	1599	1107	379	60
2015.724201	1600	1107	379	60
2015.72968	1601	1107	379	60
2015.73242	1601	1108	379	60
2015.73516	1601	1109	379	60
2015.7379	1602	1109	379	60
2015.740639	1603	1109	379	60
2015.746119	1604	1109	379	60
2015.746119	1605	1109	379	60
2015.75274	1606	1109	379	60
2015.763699	1607	1109	379	60
2015.769178	1608	1109	379	60
2015.769178	1609	1109	379	60
2015.769178	1610	1109	379	60
2015.769178	1611	1109	379	60
2015.777397	1612	1109	379	60
2015.777397	1613	1109	379	60
2015.780137	1614	1109	379	60
2015.785616	1615	1109	379	60
2015.799315	1616	1109	379	60
2015.802055	1617	1109	379	60
2015.804795	1618	1109	379	60
2015.807534	1618	1110	379	60
2015.810274	1619	1110	379	60
2015.813014	1620	1110	379	60
2015.815753	1621	1110	379	60
2015.821233	1622	1110	379	60
2015.821233	1623	1110	379	60
2015.836073	1623	1111	379	60
2015.847032	1624	1111	379	60
2015.860731	1625	1111	379	60
2015.86347	1626	1111	379	60
2015.86621	1627	1111	379	60
2015.893607	1628	1111	379	60
2015.901826	1628	1112	379	60
2015.904566	1629	1112	379	60
2015.907306	1630	1112	379	60
2015.912785	1631	1112	379	60
2015.915525	1632	1112	379	60
2015.924886	1633	1112	379	60
2015.927626	1633	1113	379	60
2015.930365	1634	1113	379	60
2015.930365	1635	1113	379	60
2015.933105	1636	1113	379	60
2015.935845	1637	1113	379	60
2015.952283	1638	1113	379	60
2015.955023	1639	1113	379	60
2015.963242	1640	1113	379	60
2015.976941	1641	1113	379	60
2015.97968	1642	1113	379	60
2015.97968	1643	1113	379	60
2015.993379	1644	1113	379	60