2012	8	12	1	41	49.1	4.19	4	46.845	38.45
2012	8	17	4	48	14.9	4.19	4	46.695	38.421
2012	9	10	8	55	50	4.19	4	46.7	38.42
2007	9	29	21	52	18	4.29	4	48.9	37.6
2007	12	1	18	45	9.69	4.49	4	46.424	38.202
2012	9	22	4	50	35.7	4.49	4	46.682	38.405
2008	7	13	22	30	8.8	4.59	4	48.16	37.83
2012	8	11	13	5	54.5	4.59	4	46.707	38.393
2012	9	17	7	5	47	4.59	4	46.68	38.46
2013	1	28	19	38	17.1	4.59	4	46.833	38.4
2012	8	11	14	25	15.1	4.69	4	46.673	38.422
2012	8	11	13	14	5	4.99	4	46.693	38.342
2012	8	11	12	30	12	5.19	4	46.78	38.44
2012	8	11	22	24	2	5.29	4	46.759	38.482
2012	8	15	17	49	4.6	5.49	4	46.672	38.41
2012	8	11	23	0	16.2	4.39	4.2	46.732	38.455
2012	8	11	15	21	14.6	4.89	4.3	46.789	38.428
2005	9	14	16	51	57.55	4.19	5	47.075	37.819
2007	5	11	14	50	9.7	4.19	5	49.29	36.85
2012	9	5	9	33	45.8	4.29	5	46.703	38.412
2013	3	3	20	59	2	4.39	6	46.68	38.4
2008	3	23	12	11	31.8	4.99	6	48.51	37.31
2013	1	26	15	10	49	4.99	6	46.84	38.36
2012	8	14	14	2	25	5.29	6	46.79	38.45
2015	1	24	1	17	42.2	4.49	6.7	47.036	38.059
2013	10	13	22	21	53.8	4.39	7.4	48.376	37.671
2010	10	23	17	19	50.8	4.19	7.7	49.119	38.133
2012	8	11	12	49	14.9	4.99	7.8	46.703	38.427
2012	8	13	8	16	49.2	4.29	9.6	46.915	38.46
2012	8	11	15	43	19.2	5.19	9.7	46.735	38.436
2013	12	19	7	58	4.89	4.19	9.77	46.8473	38.295
1984	8	11	16	33	42.27	3.89	10	46.699	38.442
2007	7	7	16	0	20.32	3.89	10	50.054	40.608
1991	12	1	11	18	23.91	3.99	10	49.506	36.79
1999	2	1	6	49	41.74	3.99	10	50.748	40.468
2004	11	7	17	18	33.03	3.99	10	49.469	38.663
2015	1	19	11	53	53.76	3.99	10	46.6203	38.0232
1995	11	4	23	23	47.14	4.09	10	49.279	38.968
1997	2	28	21	46	20.44	4.09	10	47.803	38.045
2007	8	23	6	4	10.18	4.09	10	48.384	40.526
1990	6	22	13	56	11.82	4.19	10	50.107	36.991
2007	8	20	16	8	57.31	4.19	10	49.104	37.683
2008	1	30	8	37	27.97	4.19	10	49.964	40.228
2012	8	22	5	28	37.35	4.19	10	46.871	38.651
2014	5	23	2	4	43.3	4.19	10	48.6996	38.8058
2015	2	9	1	12	32.24	4.19	10	48.5198	40.2998
1990	6	22	17	54	44.41	4.29	10	49.735	37.274
1990	6	22	19	4	25.38	4.29	10	49.576	37.32
2003	10	4	9	10	55.66	4.29	10	49.733	40.212
2012	8	11	18	30	23.43	4.29	10	47.14	38.676
2012	11	7	16	21	20.05	4.29	10	46.828	38.109
2012	11	26	21	13	42.04	4.29	10	49.332	38.987
1990	6	21	20	15	57.23	4.39	10	49.081	37.449
1990	6	21	20	19	53.92	4.39	10	50.108	37.022
1990	6	23	14	48	45.86	4.39	10	48.945	37.335
1990	6	26	19	3	10.38	4.39	10	50.069	36.895
1995	12	28	16	38	30.91	4.39	10	49.271	40.183
1997	2	28	20	55	9.73	4.39	10	47.987	37.922
1997	4	8	5	44	13.83	4.39	10	48.098	38.152
2012	10	27	3	56	41.6	4.39	10	46.648	38.402
2012	11	7	7	2	10.47	4.39	10	46.61	38.086
2013	2	12	22	24	41	4.39	10	46.71	38.47
1990	6	21	1	16	9.66	4.49	10	49.357	37.369
1990	6	21	3	0	18.83	4.49	10	50.117	37.092
1990	6	21	3	10	12.67	4.49	10	50.195	37.578
1990	6	21	10	9	46.33	4.49	10	49.671	37.358
1990	6	23	18	45	22.6	4.49	10	50.262	37.094
1990	7	8	5	11	11.7	4.49	10	50.041	36.685
1990	8	22	7	51	49.5	4.49	10	49.327	37.056
1990	8	23	6	50	7.21	4.49	10	49.749	37.373
1998	12	19	4	54	0.07	4.49	10	50.788	36.769
2012	2	4	6	19	30.95	4.49	10	48.778	38.618
2012	8	11	17	58	33.33	4.49	10	46.672	38.044
2012	8	11	18	56	50.84	4.49	10	46.695	38.047
2012	8	13	10	45	46.39	4.49	10	46.565	38.259
2012	11	8	9	45	4.79	4.49	10	46.66	38.321
1990	6	20	22	23	42.68	4.59	10	49.157	37.001
1990	6	20	23	55	46.87	4.59	10	50.006	37.42
1990	6	22	21	20	6.59	4.59	10	49.496	37.341
1990	6	23	0	37	57.13	4.59	10	50.087	37.365
1990	6	24	8	22	11.89	4.59	10	50.028	37.131
1990	6	26	9	24	10.45	4.59	10	48.831	37.357
1990	6	29	1	6	4.1	4.59	10	49.69	37.382
1990	7	2	17	44	56.95	4.59	10	48.862	37.106
1997	8	24	11	48	11.37	4.59	10	48.886	37.671
2007	8	23	6	3	29.6	4.59	10	48.495	40.694
2012	8	30	20	15	32.04	4.59	10	49.123	39.116
2012	9	2	8	50	11	4.59	10	46.76	38.41
1990	6	20	21	41	32.48	4.69	10	48.961	37.705
1990	6	20	23	33	24.98	4.69	10	49.736	37.1
1990	6	21	0	35	51.87	4.69	10	48.961	37.462
1990	6	21	4	40	26.22	4.69	10	49.63	37.508
1990	6	21	23	13	7.88	4.69	10	49.642	37.286
1990	6	23	16	51	32.01	4.69	10	49.922	37.169
1990	6	29	6	25	48	4.69	10	49.816	36.691
1990	7	24	7	27	17.18	4.69	10	49.815	36.846
1992	2	23	12	3	11.79	4.69	10	49.179	36.391
1997	2	28	13	55	57.12	4.69	10	47.873	37.831
1997	3	21	23	0	39.44	4.69	10	47.911	37.961
1979	11	21	15	36	2.1	4.79	10	47.275	38.373
1990	6	20	22	4	6.98	4.79	10	49.731	36.724
1990	6	20	22	20	4.9	4.79	10	49.226	37.055
1990	6	21	0	22	33.47	4.79	10	49.415	37.326
1990	6	21	5	35	58.23	4.79	10	49.882	37.146
1990	6	23	10	41	8.26	4.79	10	49.725	37.129
1990	7	1	17	19	44.17	4.79	10	48.818	37.28
1990	9	24	6	35	13.93	4.79	10	47.951	38.253
1997	5	12	3	50	59.81	4.79	10	48.067	37.93
2010	2	2	10	16	28.81	4.79	10	46.776	37.926
1990	6	20	21	30	12.12	4.89	10	48.792	37.495
1990	6	20	23	27	43.81	4.89	10	50.314	36.99
1990	6	22	3	32	48.14	4.89	10	49.73	37.078
1990	6	28	17	21	3.84	4.89	10	49.852	36.751
1990	6	30	3	42	1.94	4.89	10	50.147	37.079
1990	7	1	21	16	48.39	4.89	10	48.82	37.285
1990	10	22	3	50	20.33	4.89	10	49.298	36.933
1990	12	27	13	26	57.11	4.89	10	48.907	36.539
1993	4	8	9	48	3.86	4.89	10	47.985	37.902
2012	8	11	19	52	45.1	4.89	10	46.849	38.264
1990	6	21	0	52	35.36	4.99	10	49.568	36.804
1990	6	21	21	31	7.7	4.99	10	49.333	36.794
1990	6	24	19	5	21.44	4.99	10	49.647	37.222
1990	6	27	3	56	20.54	4.99	10	49.785	37.007
1990	6	28	3	20	35.08	4.99	10	49.642	37.085
1990	7	1	12	24	57.2	4.99	10	49.885	37.181
1990	7	27	5	31	0.14	4.99	10	49.585	37.318
1990	8	21	3	47	26.28	4.99	10	49.685	37.309
1990	9	25	12	12	15.3	4.99	10	49.855	36.79
1990	6	21	7	50	23.08	5.09	10	49.523	36.988
1990	6	21	21	27	39.62	5.09	10	49.661	36.516
1990	6	22	6	21	51.51	5.09	10	49.359	36.827
2012	8	16	17	14	14.14	5.09	10	46.707	38.403
1990	6	22	6	7	50.1	5.174	10	48.854	37.257
1990	12	28	4	3	53.65	5.19	10	49.227	37.106
1994	11	2	12	31	1.03	5.19	10	48.315	38.152
1990	6	24	9	45	57	5.4	10	49.405	36.863
1990	6	21	12	17	27.54	5.49	10	49.407	36.732
1990	6	21	2	8	51.07	5.59	10	49.789	36.789
2013	7	6	17	7	49.29	4.29	10.7	48.966	37.63
2012	8	14	15	48	21.32	4.29	10.8	46.72	38.235
2013	11	5	2	19	28.5	4.09	11	47.189	37.815
2012	8	31	8	34	3	4.39	11	46.71	38.41
2011	3	25	9	52	16.1	4.19	11.1	47.375	39.317
2006	6	28	14	11	15.2	4.19	13	49.12	35.89
2012	8	19	11	37	16.1	4.29	13.8	46.653	38.428
2005	8	2	23	39	23.3	4.19	14	46.88	37.99
2012	3	18	2	38	16.3	4.59	14	49.2	36.82
2012	10	16	4	15	30	4.59	14	46.89	38.44
2012	10	8	8	25	54.3	4.49	14.1	46.61	38.421
2011	3	4	9	46	28.8	4.79	14.1	48.606	37.734
2012	8	13	1	56	10	4.79	14.1	46.66	38.47
2010	4	28	20	4	17.7	3.74962581	14.2	49.064	35.885
2006	2	22	23	19	25.4	3.632092459	15	50.41	36.11
2012	8	12	4	25	22.4	4.19	15	46.78	38.43
2013	11	8	10	12	35	4.49	15	47.27	37.86
2010	10	22	9	8	26.4	4.59	15	49.062	37.951
2010	10	22	8	0	37.6	4.79	15	49.09	37.96
2010	10	22	8	34	24.1	4.79	15	49.1	37.95
1990	6	20	23	0	36.55	5.09	15	49.591	36.891
2012	11	16	3	58	25.1	5.09	15	46.59	38.56
1956	4	12	22	34	50	5.5	15	50.299	37.465
2005	6	7	9	51	18.71	4.39	15.1	46.932	38.004
1990	6	21	9	2	14.62	5.8	15.2	49.799	36.636
1990	6	20	23	48	44.84	5.469	15.6	49.83	36.641
1991	11	28	17	19	55.53	5.6	15.7	49.603	36.924
2011	7	12	13	40	12.6	4.59	15.9	49.07	40.283
2012	8	19	1	58	29	4.39	17	46.65	38.42
2012	10	7	11	42	47.16	5.59	17.4	48.437	40.747
2012	9	23	5	40	53	4.49	18	46.68	38.41
2012	8	12	6	40	45	4.59	18	46.62	38.58
2012	9	27	0	56	1.8	4.69	18	46.64	38.47
1990	6	20	22	58	51.72	5.09	18.5	49.473	36.825
1990	6	20	21	0	9.98	7.4	18.5	49.409	36.957
2007	11	6	21	30	8.31	3.79	19.7	48.977	40.183
1975	8	6	0	54	58.7	4.59	20	48.61	40.721
1987	7	22	18	5	8.7	4.39	20.2	46.62	38.063
1975	8	6	1	43	32.1	4.19	21	48.584	40.656
1990	10	17	17	6	27.84	4.69	21.1	49.344	36.9
2002	1	5	14	43	42.54	4.69	21.3	49.016	37.521
2012	5	14	6	46	23.24	4.49	21.4	48.756	38.704
2008	5	27	6	18	8.3	5.09	23	48.66	36.65
2007	9	19	16	57	52.93	4.29	24	46.835	40.364
1973	1	6	15	39	31	4.39	24	46.427	38.003
2013	9	9	4	35	47.18	4.89	24.29	50.1416	40.7429
2008	6	10	14	54	27.8	4.29	25.6	48.977	39.322
1985	4	3	1	44	26.83	4.89	26.3	48.422	38.099
1995	5	15	0	16	52.54	4.99	26.3	49.435	38.468
1981	8	4	18	35	41.27	5.764	27	49.34	38.072
2015	3	12	0	42	31.74	4.69	27.26	49.1295	38.3952
2007	8	23	1	52	23.8	4.79	27.6	48.518	40.636
2005	4	11	14	50	31.4	4.69	27.7	49.19	39.51
2008	9	14	23	32	33.43	3.89	28.7	50.272	39.316
1996	4	22	14	42	32.38	5.19	29.1	47.369	39.165
2014	2	27	6	5	14.47	4.19	30.1	48.7047	38.6575
2004	5	23	2	49	13.06	4.29	31.5	48.559	40.771
2011	3	14	20	58	0.3	4.29	32	49.118	40.328
2006	6	12	16	21	55.56	4.19	32.1	49.123	40.62
2008	11	12	0	14	17.38	4.09	32.7	50.116	40.203
2007	12	14	21	56	4.1	4.79	32.7	47.7	37.27
2000	12	24	16	30	19.46	3.39	33	49.985	40.244
1997	4	1	7	33	28.08	3.59	33	48.914	37.866
2000	10	28	20	0	15.72	3.59	33	46.313	40.105
2000	11	25	22	15	5.3	3.59	33	49.975	40.32
2000	11	26	2	19	17.98	3.69	33	50.144	40.017
2000	11	27	16	4	49.27	3.69	33	50.263	40.142
2000	11	28	0	14	32.5	3.69	33	50.167	40.209
1993	1	16	17	54	11.42	3.79	33	50.575	37.066
1996	5	1	3	31	23.3	3.79	33	49.139	40.269
1996	5	9	7	44	46.83	3.79	33	48.697	40.676
2000	11	25	18	47	44.3	3.79	33	49.952	40.304
1975	8	11	0	12	18.4	3.89	33	49.194	38.871
1999	5	25	9	46	43.81	3.89	33	50.242	40.469
1974	12	31	17	53	3.2	3.99	33	47.994	39.965
1991	12	8	1	2	6.25	3.99	33	48.151	38.335
1996	7	27	11	52	58.15	3.99	33	48.547	36.194
1996	9	3	23	11	1.15	3.99	33	49.422	40.2
1997	6	22	0	46	33.85	3.99	33	49.266	39.551
1998	7	17	4	52	4.96	3.99	33	49.91	38.236
2000	4	12	23	38	24.83	3.99	33	47.044	40.541
2000	11	26	18	23	6.39	3.99	33	50.045	40.401
2002	1	30	16	7	59.58	3.99	33	50.182	40.037
2002	6	5	11	19	45.35	3.99	33	48.976	40.392
1987	4	12	16	55	21.39	4.09	33	48.674	38.141
1996	1	17	6	26	37.65	4.09	33	49.036	40.344
1996	3	29	16	8	9.16	4.09	33	47.715	40.65
1997	12	11	10	7	14.56	4.09	33	48.654	40.674
1998	1	30	19	44	39.4	4.09	33	50.62	37.031
1998	5	11	5	7	27.5	4.09	33	48.87	40.271
2000	5	19	5	31	17.12	4.09	33	48.047	37.953
2002	6	5	10	54	41.35	4.09	33	49.148	40.422
2002	6	5	14	7	39.39	4.09	33	49.186	40.412
2003	7	25	23	59	31.07	4.09	33	50.174	40.209
1987	10	22	3	5	41.58	4.19	33	49.785	40.136
1991	12	19	7	20	1.57	4.19	33	50.046	36.722
1992	4	26	13	15	51.34	4.19	33	47.146	37.841
1995	7	6	16	45	10.77	4.19	33	49.411	38.664
1996	7	25	20	45	54.19	4.19	33	49.319	37.398
1996	8	8	2	9	39.82	4.19	33	49.873	37.275
1997	5	28	5	4	17.29	4.19	33	48.716	38.726
1997	7	15	13	58	36.14	4.19	33	48.893	40.664
2000	1	28	3	29	17.2	4.19	33	49.053	37.733
2000	12	23	8	24	45.59	4.19	33	50.122	40.255
1980	8	27	20	11	13.5	4.29	33	48.756	36.812
1990	8	2	21	17	18.74	4.29	33	48.228	38.398
1990	10	2	20	19	35.83	4.29	33	49.926	36.763
1992	11	6	15	28	46.17	4.29	33	47.757	37.989
1993	5	1	6	47	47.3	4.29	33	48.896	38.939
1994	3	12	15	0	43.81	4.29	33	49.322	36.992
1996	5	28	22	18	25.95	4.29	33	48.645	37.496
1998	10	12	18	32	25.95	4.29	33	49.113	40.066
1999	3	26	12	6	53.01	4.29	33	50.175	36.612
2000	11	26	1	30	53.82	4.29	33	50.208	40.261
2002	1	24	7	23	54.37	4.29	33	48.16	38.218
1975	8	6	9	22	0	4.39	33	48.242	40.535
1985	4	9	3	31	3.1	4.39	33	46.598	39.206
1986	9	10	19	32	26.52	4.39	33	48.968	36.129
1990	8	2	17	12	48.52	4.39	33	48.186	38.54
1996	5	9	10	58	42.51	4.39	33	48.384	40.619
2000	4	10	3	42	40.63	4.39	33	48.173	37.955
2000	11	7	9	44	50.71	4.39	33	49.918	40.142
2001	1	23	9	27	56.2	4.39	33	46.573	40.237
2001	7	29	1	36	19.92	4.39	33	47.156	40.647
2001	7	29	20	38	18.94	4.39	33	50.017	40.146
2002	5	31	21	38	13.76	4.39	33	48.631	40.435
1975	5	3	11	9	23.2	4.49	33	50.218	40.287
1980	5	14	21	38	47.2	4.49	33	49.119	38.183
1982	11	21	1	43	36.03	4.49	33	47.87	40.05
1986	4	29	23	35	41.63	4.49	33	49.075	38.106
1987	10	18	2	11	46.97	4.49	33	46.774	35.985
1991	12	4	6	2	49.89	4.49	33	49.44	37.109
1992	6	12	13	25	24.18	4.49	33	49.764	36.628
1996	7	17	22	12	17.88	4.49	33	49.838	37.513
1997	7	8	6	11	15.69	4.49	33	48.608	40.642
1997	10	19	7	51	1.44	4.49	33	48.959	40.562
1998	1	9	14	16	0.97	4.49	33	48.873	40.371
1998	7	30	13	15	47.59	4.49	33	49.376	37.554
2000	11	26	4	0	22.31	4.49	33	49.984	40.231
2000	11	26	14	16	52.26	4.49	33	50.116	40.027
2001	5	20	20	29	26.4	4.49	33	49.85	40.376
1973	7	13	10	5	24.7	4.59	33	49.532	38.522
1981	4	7	20	16	44.59	4.59	33	50.523	40.386
1982	3	7	0	59	49.3	4.59	33	50.173	37.938
1983	7	23	8	5	50.15	4.59	33	49.293	36.78
1984	3	18	16	57	15.39	4.59	33	48.868	37.678
1986	6	9	5	49	28.53	4.59	33	48.67	39.013
1991	8	23	19	9	40.35	4.59	33	49.482	36.669
1997	6	7	20	29	48.27	4.59	33	50.28	36.411
2000	11	26	2	32	53.73	4.59	33	50.202	40.111
2000	12	25	3	0	15.44	4.59	33	50.091	40.278
1979	9	7	22	53	58.5	4.69	33	49.209	37.71
1981	8	4	18	51	53.87	4.69	33	49.501	38.24
1984	9	30	15	33	19.46	4.69	33	48.966	37.87
1985	2	5	22	19	7.99	4.69	33	49.096	39.73
1985	5	9	18	50	22.98	4.69	33	48.771	39.299
1985	11	2	9	34	14.19	4.69	33	49.068	37.521
1987	11	5	7	19	17.08	4.69	33	49.817	40.182
1990	7	11	4	36	8.6	4.69	33	49.53	37.015
1992	1	6	1	18	10.95	4.69	33	49.786	40.342
1995	5	15	0	21	54.71	4.69	33	49.294	38.545
1997	10	3	21	55	2.71	4.69	33	48.874	40.659
1998	4	4	2	46	33.49	4.69	33	49.427	36.645
1998	5	4	1	2	46.72	4.69	33	49.557	40.63
1998	7	9	16	23	34.56	4.69	33	48.637	38.887
2000	10	28	12	56	11.61	4.69	33	50.609	40.211
2000	11	25	18	49	11.68	4.69	33	50.157	40.05
2001	6	12	1	46	49.94	4.69	33	47.261	39.018
1980	5	5	10	21	48.7	4.79	33	49.009	38.077
1981	8	5	0	13	51.57	4.79	33	49.554	38.369
1983	2	23	5	33	55.43	4.79	33	50.034	40.56
1983	4	2	0	32	27.77	4.79	33	48.714	39.042
1983	4	12	17	13	46.88	4.79	33	50.068	40.577
1988	1	14	11	29	20.22	4.79	33	50.598	36.006
1990	7	17	4	2	9.23	4.79	33	49.979	37.137
1991	12	18	16	42	21.52	4.79	33	49.65	36.596
1999	8	19	4	33	15.39	4.79	33	46.452	38.303
2000	11	26	8	47	56.1	4.79	33	50.133	39.898
2000	11	30	5	9	51.06	4.79	33	50.116	40.12
2003	1	20	16	38	53	4.79	33	49.914	40.439
2003	10	24	20	47	22.27	4.79	33	50.213	40.681
1976	7	27	18	39	35.8	4.89	33	48.881	40.326
1979	8	27	16	9	49.2	4.89	33	48.916	37.796
1979	11	8	5	21	59.4	4.89	33	48.836	38.736
1986	4	29	22	7	55.29	4.89	33	49.036	38.056
1990	7	13	13	4	10.56	4.89	33	50.068	36.481
2000	11	28	20	37	24.3	4.89	33	50.03	40.239
1982	1	20	8	25	41.72	4.99	33	47.814	40.232
1985	10	16	21	22	39.74	4.99	33	50.761	40.65
1990	8	20	12	20	11.04	4.99	33	49.72	36.956
1994	12	3	1	35	51.62	4.99	33	49.349	37.643
1995	4	26	11	46	12.49	4.99	33	49.53	37.054
1995	5	27	21	21	31.98	4.99	33	48.944	39.028
1986	1	6	0	9	10.9	5.09	33	49.299	40.537
1980	1	13	5	51	35.1	5.19	33	50.33	37.12
1981	11	19	14	10	35.81	5.19	33	49.193	40.734
2000	11	29	10	44	59.08	5.19	33	50.209	39.856
1995	10	15	6	56	34.21	5.2	33	49.476	37.055
2009	6	4	14	20	3.72	5.09	33.4	50.592	40.714
1993	1	19	18	22	25.91	4.19	33.9	49.41	37.953
1978	11	4	15	22	19.3	6.29	34	48.901	37.674
1990	7	6	19	34	52.49	5.3	34.6	49.303	36.861
1990	8	13	6	18	25.18	4.79	34.8	49.884	36.663
2008	2	3	19	39	43.58	3.39	35	50.005	40.475
2006	10	18	1	56	50.42	3.69	35	47.059	40.612
2011	3	14	8	14	43.61	4.19	35	49.09	40.382
2006	12	2	13	23	54.66	4.49	35	48.635	38.84
2011	3	14	7	52	15.67	4.59	35	49.121	40.284
1993	6	7	7	14	27.62	4.59	36.1	46.273	39.924
2001	9	23	1	14	5.14	4.29	37.2	49.509	39.636
2011	11	15	19	33	54.19	4.59	39.3	50.193	40.127
2014	3	15	2	20	56.8	4.19	39.46	49.1078	39.2276
2005	3	21	18	28	10.31	4.59	39.7	49.415	39.585
2000	4	28	20	32	51.68	4.29	40.3	49.568	37.019
2006	11	17	2	32	47.85	3.69	41.1	48.494	40.727
1983	7	22	2	41	0.88	5.79	41.3	49.18	36.948
2007	12	12	10	25	30.51	4.29	42.1	48.153	40.764
1983	12	20	22	21	5.95	4.99	42.2	50.789	36.797
2008	4	11	22	33	59.72	3.69	42.4	48.69	40.778
1980	2	19	1	6	5.2	4.49	43	48.843	38.958
2008	2	27	2	49	4.27	3.99	44.1	50.396	40.642
2005	10	21	13	17	25.95	3.89	44.8	48.377	40.088
1973	10	30	15	59	30	3.89	45	50.698	36.938
2012	2	4	20	4	14.59	4.99	45	49.716	37.695
2010	6	3	4	53	31.65	4.69	45.6	50.408	40.679
2007	5	2	18	44	25.07	4.39	45.9	50.16	40.452
1980	12	3	4	26	15	5.29	46	50.38	37.075
1980	5	4	18	35	20.4	6.214	46	48.985	38.053
1998	9	28	17	26	29.64	4.89	47.3	48.747	36.578
2000	11	26	15	25	45.92	3.99	47.8	50.177	40.077
2014	9	18	22	29	13.06	4.69	47.8	48.8359	38.6836
2002	2	14	20	6	23.89	4.69	49.1	49.401	36.9
2000	11	26	6	36	36.28	4.89	49.1	50.188	40.048
1997	2	13	0	47	36.95	3.79	50	48.756	38.626
2005	8	12	19	22	58.16	3.89	50	47.454	40.522
1998	2	27	18	2	42.78	4.79	50.5	49.134	39.688
2001	4	29	16	34	7.9	4.39	52.3	48.519	40.059
1998	2	28	0	39	12.53	4.79	52.3	48.719	37.049
1989	2	15	10	10	8.46	4.79	53.1	50.304	37.29
1995	5	13	7	20	43.29	4.99	53.2	50.592	40.678
2001	10	29	10	4	49.58	4.79	53.5	48.642	38.922
1975	10	6	18	7	20.5	3.99	54	48.07	37.997
2000	11	26	21	37	11.18	4.69	54.4	50.186	40.123
2006	11	17	5	28	18.97	3.59	54.6	48.433	40.709
2002	4	14	22	23	40.06	4.09	55.9	50.046	40.289
1993	10	15	22	37	19.67	4.99	56.1	48.105	40.744
1996	1	3	8	42	25.75	5.4	56.4	48.72	38.994
2002	2	11	21	19	55.73	4.89	56.6	50.214	40.114
1992	8	6	17	53	9.11	4.39	57	48.865	40.07
1989	10	8	14	13	28.91	4.79	57.4	50.125	37.038
1975	12	16	7	42	50.9	4.89	58	48.297	39.58
1976	2	3	16	40	40.6	5.39	58	48.415	39.933
2007	6	8	5	54	36.15	4.09	58.2	47.893	40.78
1990	9	17	7	3	32.05	4.69	60.7	48.929	37.384
1991	1	1	19	18	56.48	5.09	60.7	48.439	39.822
2008	7	14	3	4	41.81	3.79	60.9	48.084	40.563
1980	7	22	5	17	10.1	5.59	62	50.201	37.19
2008	12	28	3	57	0.35	3.89	63.6	49.332	40.091
2002	1	6	6	22	27.14	4.49	63.7	48.954	38.248
1975	9	20	6	8	33.9	4.29	64	49.293	40.215
1999	10	12	15	41	16.03	4.89	65.9	48.314	39.136
2002	6	2	3	26	59.87	4.49	66	49.89	40.292
1995	6	26	23	27	38.84	4.59	67.1	48.344	39.873
1995	12	29	1	48	13.95	3.79	70.8	48.54	39.557
1999	10	3	13	19	17.78	4.69	70.9	48.673	38.91
2005	8	25	10	24	56.36	4.29	71	48.556	40.532
1986	1	27	16	35	52.87	5.49	71.2	48.62	38.885
2004	7	3	6	57	35.47	4.49	72.9	49.027	40.024
1995	6	27	0	46	46.35	4.49	73.5	48.372	39.9
1995	8	17	18	9	58.79	4.69	74.3	48.908	38.961
2005	5	26	1	59	11.79	4.59	75.7	48.707	38.812
2005	11	8	6	27	11.77	4.29	84.1	47.528	40.622
1986	11	5	1	15	39.84	4.69	86.2	48.617	38.694
