2001	2	16	14	29	35	2.64	1	50.04	38.42
2002	12	15	16	34	39	3.20	1	52.71	35.93
1977	9	30	16	50	36	4.99	1	45.02	40.04
2000	12	31	19	9	58	3.79	2	42.66	38.19
1999	4	21	0	21	9	3.99	2	44.05	41.17
1993	4	8	9	48	3	4.39	2	47.96	37.85
1988	12	7	18	5	41	4.59	2	44.21	40.9
1988	12	7	10	56	50	4.89	2	44.24	40.96
1988	12	31	4	7	9	4.89	2	44.05	40.95
2000	11	26	1	16	26	3.10	3	48.43	34.36
1993	4	24	12	29	19	3.39	3	44.09	41.36
1981	3	28	19	59	25	4.09	3	44.92	39.66
2000	10	17	23	47	43	4.19	3	45.87	41.85
1991	10	15	3	12	31	4.59	3	46.69	34.44
2001	12	4	9	40	28	4.59	3	43.26	38.59
1989	3	30	16	36	23	4.69	3	43.95	41.06
1979	2	3	14	49	18	4.79	3	44.22	41.32
1993	2	19	18	13	28	4.79	3	45.01	40.57
1979	4	25	7	39	44	4.89	3	44.08	41.26
2004	6	7	17	58	25	2.91	4	49.9	34.25
2000	7	21	18	27	26	3.00	4	46.62	34.98
2001	6	24	7	5	18	3.79	4	52.18	35.84
2004	1	24	4	40	42	4.39	4	44.8	38.29
1953	10	4	22	25	0	4.64	4	48.5	40.8
1927	5	14	20	29	15	5.17	4	46	41.5
1958	6	25	1	14	2	5.41	4	52.8	36.27
2004	6	8	4	43	57	2.73	5	43.51	40.22
2004	6	6	20	29	37	2.79	5	42.79	37.67
2004	4	11	5	2	47	3.30	5	43.76	38.96
1983	1	2	1	29	36	3.69	5	46.06	41.7
2002	8	17	13	37	31	3.89	5	46.09	41.96
2000	11	17	0	27	56	4.09	5	42.93	38.24
2002	4	1	20	34	51	4.09	5	43.99	37.13
2003	6	9	20	17	47	4.09	5	45.86	41.21
2001	2	3	16	16	38	4.39	5	45.65	41.41
1962	10	12	11	21	51	4.41	5	45.7	40.8
1973	3	11	8	55	13	4.41	5	44.15	41.39
1989	4	2	10	30	14	4.49	5	46.33	35.12
1983	12	15	7	17	42	4.59	5	46.11	40.24
1928	11	30	22	5	6	4.88	5	45.3	41
1968	6	9	0	56	30	5.19	5	46.06	39.1
1953	9	2	0	36	1	5.35	5	47.4	41.1
1951	1	16	17	53	52	5.41	5	49.6	39.31
2001	2	28	2	44	32	2.40	6	49.26	36.63
2001	6	20	0	0	6	2.40	6	49.91	34.33
2004	8	30	12	16	4	2.48	6	51.85	36.49
2004	9	9	1	36	49	2.48	6	51.26	35.82
2004	8	17	7	35	0	2.64	6	51.87	36.48
2003	10	4	16	3	4	2.73	6	45.58	34.55
2004	6	2	7	27	32	3.00	6	51.62	36.41
2004	1	16	11	21	29	3.79	6	44.15	41.11
2002	3	23	17	17	7	3.99	6	45.77	41.96
2002	8	29	22	36	27	3.99	6	45.99	41.78
2001	1	23	9	27	53	4.19	6	46.61	40.16
2002	12	1	6	26	36	4.29	6	46.76	41.68
1999	9	29	11	54	49	4.39	6	46.14	41.97
1982	1	17	10	27	42	4.49	6	44.05	41.1
1975	11	6	4	9	32	4.79	6	53.15	36
1988	4	21	10	1	45	4.79	6	44.11	39.04
1929	12	25	22	26	2	4.82	6	48.7	39.4
1959	12	12	23	55	43	4.88	6	49.6	40.7
1988	10	26	14	49	20	4.89	6	52.23	35.12
1961	12	17	14	28	40	4.94	6	50	40.5
1963	2	18	14	3	37	4.94	6	47.04	40.07
1945	9	5	20	24	0	5.06	6	45	40.7
1954	10	30	23	43	29	5.47	6	45.93	40.26
1971	12	20	1	41	2	5.53	6	48.42	41.15
2004	5	30	0	5	17	2.33	7	51.51	36.23
2004	4	11	5	23	0	3.20	7	43.9	38.91
2000	11	15	16	43	38	3.99	7	43.23	38.02
2001	9	12	14	52	2	4.19	7	42.74	37.91
2002	2	4	1	53	30	4.19	7	44.1	41.11
1988	12	8	1	49	39	4.39	7	44.04	41.03
2004	5	30	19	26	59	4.59	7	51.6	36.52
1910	7	6	8	57	0	5.06	7	50	40.2
1988	12	7	7	41	26	6.80	7	44.12	40.92
2001	2	8	2	40	40	2.18	8	52.12	35.93
2001	2	16	15	30	24	2.40	8	53.19	36.03
2001	2	25	22	5	7	2.56	8	47.46	34.1
2004	6	7	16	57	0	2.64	8	49.9	34.3
2000	9	27	9	38	31	2.82	8	46.83	34.89
2000	8	8	9	17	3	3.10	8	52	36.3
1996	8	20	17	53	38	3.79	8	53.11	36.39
2000	1	28	3	29	13	4.19	8	49.08	37.65
2003	10	11	13	32	7	4.29	8	47.67	41.89
2002	7	25	13	29	59	4.39	8	48.77	35.65
2004	1	14	15	29	31	4.39	8	46.77	41.89
1991	10	18	16	23	40	4.49	8	47.75	41.71
2002	8	16	15	30	15	4.49	8	46.19	41.9
1988	12	7	20	7	30	4.59	8	44.32	41.12
2002	6	22	14	27	18	4.59	8	48.88	35.59
2002	6	26	18	18	16	4.69	8	48.87	35.55
1967	8	25	12	26	46	4.89	8	49.24	35.56
1978	8	15	9	4	22	4.89	8	43.99	41.25
2003	8	11	20	12	6	4.89	8	44.92	38.72
2002	4	8	18	30	55	4.99	8	51.99	36.42
2002	11	7	16	42	13	5.41	8	48.89	35.62
1956	3	21	4	56	50	5.59	8	48.39	40.92
2004	5	29	1	9	57	2.40	9	51.39	36.51
2000	10	5	8	16	0	3.20	9	46.66	34.87
2003	3	9	22	50	12	3.52	9	51.68	35.69
2004	1	30	19	47	59	3.89	9	47.15	41.98
2002	3	29	23	1	0	3.99	9	48.18	41.69
1999	4	24	2	41	19	4.19	9	45.92	41.91
2002	2	1	6	42	10	4.19	9	48.25	40.98
1963	12	8	11	8	8	4.69	9	49.02	40.35
1964	2	5	10	24	23	4.69	9	46.1	40.37
1982	4	29	16	27	15	4.69	9	48.02	40.94
2000	5	6	22	1	57	4.69	9	48.07	41.57
1945	8	11	9	32	55	4.76	9	45	40.5
1988	12	19	4	44	2	4.79	9	46.04	35.43
1908	6	10	22	15	0	5.06	9	48.8	40.7
1976	11	24	12	22	17	7.00	9	44.03	39.08
2000	4	10	3	14	15	2.33	10	50.46	34.77
2004	5	28	14	47	51	2.40	10	51.37	36.49
2001	4	28	7	44	27	2.48	10	50.34	34.16
2004	5	25	20	36	15	2.56	10	49.1	35.7
1993	10	2	20	56	13	3.49	10	43.31	36.97
2002	2	7	16	13	37	3.49	10	44.5	35.05
2003	8	31	16	37	1	3.49	10	45.97	41.46
2004	2	5	20	13	41	3.49	10	47.46	41.03
1991	12	1	11	18	24	3.59	10	49.41	36.71
2002	12	17	9	8	51	3.59	10	45.6	36.88
1996	4	15	4	56	4	3.69	10	44.27	41.3
1996	12	12	4	58	35	3.69	10	43.32	38
2002	1	24	7	27	38	3.69	10	47.94	38.09
2002	4	11	16	38	24	3.69	10	44.71	41.57
1996	4	10	4	10	31	3.79	10	43.17	37.77
1997	3	6	23	28	37	3.79	10	43.66	39.11
1997	4	26	5	42	15	3.79	10	45.59	38.88
2000	4	10	21	13	21	3.79	10	50.11	41.01
2000	5	19	5	31	19	3.79	10	48.42	38.54
2002	1	7	17	53	18	3.79	10	43.79	40.78
2002	4	28	8	32	21	3.79	10	46.35	40.85
2003	3	6	21	38	23	3.79	10	44.29	38.1
2003	3	16	17	17	49	3.79	10	44.26	36.5
1984	8	11	16	33	44	3.89	10	46.9	38.26
2000	5	7	2	39	26	3.89	10	50.75	40.93
2002	8	9	22	42	23	3.89	10	47.43	41.9
2004	1	7	6	1	27	3.89	10	45.73	41.9
2004	2	8	21	44	20	3.89	10	47.53	40.86
2004	4	17	5	19	23	3.89	10	49.64	38.63
1998	9	29	15	8	11	3.99	10	43.75	38.57
1999	12	25	3	53	1	3.99	10	48.28	40.87
2002	3	14	8	30	42	3.99	10	44.61	39.34
2002	8	17	19	4	55	3.99	10	46.31	41.97
2002	8	23	19	25	8	3.99	10	46.1	41.94
1989	5	2	17	42	56	4.09	10	44.3	35.58
1995	11	4	23	23	47	4.09	10	49.27	38.98
1998	10	8	19	55	19	4.09	10	51.98	40.78
1999	2	1	6	49	42	4.09	10	50.71	40.5
1999	11	23	6	27	37	4.09	10	43.07	39.98
2000	4	10	21	36	55	4.09	10	50.37	41.39
2000	11	15	18	16	10	4.09	10	43.05	38.31
2000	11	16	21	13	45	4.09	10	42.98	38.26
2002	2	12	1	32	30	4.09	10	47.74	41.87
2002	7	1	21	3	44	4.09	10	46.48	41.87
2002	8	25	15	17	26	4.09	10	47.45	41.89
2004	3	13	23	6	20	4.09	10	48.89	40.45
2004	3	13	23	6	57	4.09	10	48.52	41.22
1988	8	23	14	56	8	4.19	10	52.4	35.64
1990	6	22	17	54	44	4.19	10	49.73	37.27
1990	6	22	19	4	25	4.19	10	49.57	37.32
1991	4	27	3	31	59	4.19	10	43.68	40.01
1992	5	12	16	58	33	4.19	10	47.33	40.96
1996	6	9	5	19	21	4.19	10	44.14	40.97
1998	1	2	0	3	12	4.19	10	52.2	36.5
1999	4	26	21	0	12	4.19	10	47.83	41.4
1999	6	3	0	2	12	4.19	10	45.71	40.86
1999	7	6	20	52	7	4.19	10	49.4	41.55
1999	7	7	13	48	49	4.19	10	48.36	41.88
1999	7	7	17	43	12	4.19	10	48.22	41.1
1999	7	14	17	43	29	4.19	10	47.41	41.99
1999	7	14	19	57	57	4.19	10	47.5	41.97
1999	7	19	16	6	45	4.19	10	47.37	41.9
1999	7	22	15	54	31	4.19	10	47.82	41.83
1999	7	29	20	50	14	4.19	10	47.43	41.99
1999	8	6	0	3	7	4.19	10	49.46	41.87
1999	8	8	18	48	22	4.19	10	46.39	41.74
1999	8	9	15	7	42	4.19	10	49.78	41.76
1999	9	6	21	53	24	4.19	10	45.28	41.72
2001	2	1	2	42	53	4.19	10	44.6	38.66
2001	7	6	9	56	43	4.19	10	46.12	41.67
2002	6	5	11	19	42	4.19	10	49.1	40.22
2002	8	24	5	40	42	4.19	10	46.13	41.86
2002	10	15	16	56	8	4.19	10	52.23	35.82
2002	11	10	23	24	42	4.19	10	44.73	35.38
2004	2	8	22	30	36	4.19	10	47.62	40.9
1995	9	25	19	16	51	4.23	10	45.05	40.38
1995	9	25	20	19	1	4.23	10	45.05	40.4
1996	1	29	19	3	52	4.23	10	45.32	41.45
1996	5	29	22	29	0	4.23	10	43.92	41.08
1996	6	2	16	21	5	4.23	10	43.88	41.02
1996	6	2	21	43	22	4.23	10	43.87	41.05
1996	6	9	2	20	17	4.23	10	43.98	41.05
1996	12	22	18	40	47	4.23	10	44.01	41.28
1983	7	23	17	0	42	4.29	10	47.42	41.07
1987	11	28	10	18	45	4.29	10	45.56	36.03
1988	6	8	15	51	48	4.29	10	44.88	35.46
1990	6	23	14	48	46	4.29	10	48.95	37.33
1994	5	18	17	18	54	4.29	10	43.98	41.26
1999	10	10	5	59	13	4.29	10	46.55	40.83
2000	2	10	9	37	32	4.29	10	46.9	41.8
2001	9	25	17	36	31	4.29	10	46.32	41.7
2002	3	6	19	13	1	4.29	10	44.36	38.53
2002	8	10	20	10	37	4.29	10	48.87	41.35
2003	5	7	8	56	18	4.29	10	47.72	40.67
1996	5	1	17	57	39	4.35	10	43.97	41.23
1986	5	19	17	36	32	4.39	10	43.08	37.92
1987	7	22	18	5	7	4.39	10	46.82	37.88
1989	12	17	5	50	33	4.39	10	46.35	41.88
1990	6	21	10	9	46	4.39	10	49.67	37.37
1990	6	21	20	15	57	4.39	10	49.07	37.44
1990	6	21	20	19	54	4.39	10	50.07	37.13
1990	7	6	20	19	52	4.39	10	49.58	37.19
1995	2	22	6	29	42	4.39	10	44.86	38.58
1997	4	8	5	44	13	4.39	10	48.08	38.15
2002	8	20	23	51	30	4.39	10	46.12	41.82
2002	8	31	11	19	29	4.39	10	48.63	41.64
1995	9	25	19	5	46	4.41	10	45.08	40.35
1995	10	14	10	47	39	4.47	10	45.55	41.1
1972	7	11	22	49	1	4.49	10	45.65	36.11
1986	7	17	0	11	59	4.49	10	45.18	38.43
1988	12	7	14	10	16	4.49	10	44.35	41.06
1989	1	8	13	9	23	4.49	10	44.1	41.01
1989	1	24	2	31	10	4.49	10	44.37	41.03
1990	6	21	3	10	13	4.49	10	50.24	37.56
1990	6	23	10	41	8	4.49	10	49.83	37.29
1990	6	23	18	45	26	4.49	10	49.89	37.11
1990	6	29	1	6	4	4.49	10	49.68	37.38
1990	7	24	7	27	17	4.49	10	49.8	36.84
1990	8	22	7	51	49	4.49	10	49.4	37.14
1990	8	23	6	50	7	4.49	10	49.75	37.37
1991	5	2	2	7	31	4.49	10	45.17	41.34
1991	11	19	1	9	43	4.49	10	46.94	34.51
1992	2	23	12	3	16	4.49	10	50	37.03
1995	12	28	16	38	31	4.49	10	49.28	40.2
2002	4	24	20	18	9	4.49	10	47.31	34.68
2004	6	12	23	8	9	4.49	10	45.82	41.9
1996	6	9	19	20	0	4.58	10	43.87	41.03
1974	3	12	6	53	49	4.59	10	43.94	38.51
1977	7	11	16	4	4	4.59	10	43.99	39.56
1978	6	27	4	45	17	4.59	10	44.04	41.23
1979	1	16	10	24	18	4.59	10	50.17	40.84
1985	10	30	21	53	16	4.59	10	44.92	36.2
1987	7	13	12	54	30	4.59	10	43.52	39.09
1988	12	3	18	40	59	4.59	10	52.21	35.15
1988	12	7	9	28	51	4.59	10	45.15	40.66
1988	12	10	19	13	58	4.59	10	44.15	40.71
1988	12	19	17	29	35	4.59	10	44.35	41.02
1990	6	20	23	55	46	4.59	10	49.98	37.37
1990	6	21	1	16	9	4.59	10	49.49	37.37
1990	6	21	23	13	9	4.59	10	49.74	37.14
1990	6	22	21	20	7	4.59	10	49.49	37.32
1990	6	24	8	22	12	4.59	10	50.05	37.13
1990	6	26	9	24	11	4.59	10	48.96	37.49
1990	6	26	19	3	10	4.59	10	50.07	36.89
1990	7	2	17	44	57	4.59	10	48.7	36.9
1992	1	6	1	18	8	4.59	10	49.84	40.45
2000	5	2	16	19	39	4.59	10	45.89	41.23
2002	6	22	21	33	26	4.59	10	48.95	35.66
2003	11	10	8	43	39	4.59	10	48.76	40.43
1979	9	7	22	53	56	4.69	10	49.15	37.85
1981	5	24	22	7	6	4.69	10	45.41	38.42
1984	12	8	3	19	8	4.69	10	43.02	37.99
1986	3	11	22	40	34	4.69	10	51.58	40.47
1988	5	27	0	54	25	4.69	10	50.25	34.41
1988	12	8	4	9	38	4.69	10	44.37	41.04
1988	12	12	15	36	18	4.69	10	44.21	40.93
1990	6	20	21	41	32	4.69	10	48.98	37.67
1990	6	20	22	20	5	4.69	10	49.21	37.06
1990	6	21	0	22	33	4.69	10	49.43	37.31
1990	6	21	0	35	51	4.69	10	48.97	37.47
1990	6	21	4	40	25	4.69	10	49.84	37.5
1999	8	19	4	33	14	4.69	10	46.42	38.41
2001	4	20	14	31	12	4.70	10	42.88	39.71
1968	10	1	18	16	3	4.79	10	46.21	39.19
1978	11	25	8	57	25	4.79	10	44.07	39.9
1985	7	24	16	57	55	4.79	10	46	35.89
1986	8	25	1	21	56	4.79	10	44.93	37.02
1988	12	8	5	36	30	4.79	10	44.18	41.03
1989	3	3	15	37	17	4.79	10	48.1	33.89
1990	6	21	5	35	58	4.79	10	49.89	37.2
1990	6	22	3	32	48	4.79	10	49.82	37.23
1990	9	24	6	35	14	4.79	10	48.15	38.16
1995	2	14	11	13	20	4.79	10	42.71	37.74
1999	8	1	19	22	51	4.79	10	48.41	33.77
1949	6	18	1	14	4	4.82	10	49	38.7
1957	6	8	16	45	42	4.82	10	48.5	40.9
1960	1	18	14	21	57	4.82	10	48.6	40.7
1960	4	1	18	42	59	4.82	10	47	40.8
2002	12	10	21	32	21	4.82	10	46.48	40.4
1931	7	29	13	10	0	4.88	10	46	39
1967	5	17	4	28	49	4.89	10	44.16	38.57
1973	9	17	4	6	1	4.89	10	51.11	36.54
1985	4	3	1	44	26	4.89	10	48.43	38.01
1988	12	31	4	7	11	4.89	10	43.96	40.88
1990	6	20	22	4	7	4.89	10	49.74	36.81
1990	6	21	0	52	34	4.89	10	49.67	36.66
1990	6	22	6	7	52	4.89	10	48.91	37.17
1990	6	22	6	21	52	4.89	10	49.44	36.62
1990	12	27	13	26	57	4.89	10	49.24	36.94
1928	3	28	19	43	0	4.94	10	49	38.7
1929	8	28	19	43	0	4.94	10	49	38.7
1930	6	7	7	15	0	4.94	10	49.6	39.8
1967	3	20	22	30	43	4.99	10	43.97	35.89
1971	12	20	7	53	10	4.99	10	48.46	41.2
1972	1	18	21	12	1	4.99	10	48.84	37.5
1980	12	11	0	14	36	4.99	10	45.94	40.26
1983	1	15	10	55	31	4.99	10	46.91	34.03
1988	12	8	7	46	2	4.99	10	44.39	40.8
1988	12	8	20	32	7	4.99	10	44.21	40.96
1990	6	21	21	27	41	4.99	10	49.69	36.58
1990	7	1	12	24	57	4.99	10	49.86	37.03
1991	7	5	13	52	19	4.99	10	45.21	36.65
1958	7	27	17	14	40	5.00	10	44.6	38.8
1952	4	4	11	36	20	5.06	10	43.9	41.2
1968	6	17	4	59	3	5.09	10	48.24	40.91
1976	11	24	13	18	5	5.09	10	43.72	39.07
1976	11	24	15	4	2	5.09	10	43.7	39.18
1976	11	24	20	46	3	5.09	10	44.07	39.03
1976	12	4	4	10	33	5.09	10	43.64	39.2
1988	7	8	16	56	28	5.09	10	44.02	36.81
1989	1	4	7	29	43	5.09	10	44.27	40.94
1952	9	29	8	56	47	5.12	10	44	41.2
1962	4	19	11	55	26	5.17	10	44.2	38.64
1967	1	30	1	20	29	5.19	10	44.28	41.03
1968	8	10	4	27	59	5.19	10	43.12	37.01
1971	7	1	12	13	28	5.19	10	43.44	36.38
1976	11	24	15	11	3	5.19	10	44.16	38.98
1976	11	25	9	49	25	5.19	10	44.28	38.96
1990	6	20	23	33	24	5.23	10	49.86	37.04
1971	12	20	1	29	17	5.29	10	48.35	41.23
1976	11	24	12	30	39	5.29	10	44.01	39.12
1984	8	24	11	31	41	5.29	10	45.95	38.5
1981	11	29	23	37	30	5.39	10	48.16	40.89
1981	12	2	0	51	35	5.39	10	48.22	40.95
1984	12	3	7	38	9	5.41	10	43.1	37.96
1968	4	29	17	1	56	5.49	10	44.19	39.23
1970	10	25	11	22	18	5.50	10	45.18	36.75
1990	6	20	22	23	42	5.65	10	49.17	36.99
1976	11	24	12	36	44	5.69	10	44.27	39.14
1988	12	7	7	45	46	5.99	10	44.22	40.94
2001	2	16	1	43	0	3.30	11	52.11	35.33
2003	7	7	17	21	29	3.89	11	46.36	41.82
2003	6	2	1	21	53	3.99	11	46.18	41.87
2002	6	1	5	43	48	4.19	11	48.63	41.17
1956	3	18	3	55	39	5.12	11	44.1	40.8
1956	3	20	16	19	20	5.12	11	48.3	41
1994	3	4	23	8	13	5.23	11	45.27	41.75
1911	6	23	12	30	19	5.41	11	48	40
2002	6	22	2	58	23	6.50	11	49.02	35.6
2001	2	10	2	19	44	2.18	12	50.97	35.84
2001	2	12	7	4	29	2.73	12	52.53	36.3
2001	7	7	5	2	9	2.82	12	52.46	35.75
2004	5	31	22	5	34	2.82	12	51.67	36.54
2004	6	27	4	51	35	2.82	12	51.4	36.49
2001	8	20	20	57	14	3.63	12	48.98	36.33
2003	8	18	8	44	0	4.09	12	47.44	39.96
2002	2	2	16	24	58	4.19	12	48.1	41.43
2002	5	21	10	48	34	4.29	12	51.55	36.29
2002	8	17	13	55	51	4.39	12	46.32	41.98
2001	10	1	17	52	17	4.49	12	47.33	41.62
2003	2	27	22	36	43	4.49	12	44.15	38.34
2002	4	24	20	4	22	4.59	12	47.35	34.61
1958	11	5	9	49	39	4.82	12	50	40.6
2000	11	15	19	30	44	4.88	12	42.75	37.94
1931	2	12	5	33	7	4.94	12	46	39.5
1958	1	17	8	30	0	5.00	12	52.7	36.5
1957	5	6	14	19	50	5.29	12	51.8	37.2
1952	5	20	0	0	0	5.65	12	53.4	36.6
1997	2	28	12	57	20	6.10	12	48.07	38.11
1980	12	19	1	16	54	6.20	12	50.65	34.47
2001	4	17	23	48	26	2.40	13	50.27	35.78
2001	7	24	20	45	39	3.20	13	51.02	34.47
2004	2	8	10	10	53	3.49	13	47.45	41.26
2001	12	24	20	41	10	3.79	13	48.35	39.86
2002	8	17	18	57	38	4.29	13	46.4	41.78
2001	7	1	8	24	30	4.39	13	47.95	41.33
2002	2	26	22	18	10	4.39	13	48.17	41.86
1957	10	25	8	24	20	5.00	13	53.2	36.4
1952	5	13	22	29	59	5.35	13	48.59	40.71
2004	8	27	21	43	5	2.48	14	48.92	35.68
2002	12	27	19	51	9	2.73	14	47.78	34.68
2004	7	11	13	16	46	2.82	14	51.31	36.35
2004	3	31	8	43	27	3.00	14	43.7	37.48
2004	7	3	6	57	41	3.00	14	48.55	38.56
2004	8	23	3	50	34	3.00	14	44.81	36.63
2001	2	5	21	4	25	3.10	14	52.15	35.31
2004	5	31	8	12	16	3.20	14	51.26	36.46
2004	7	2	12	56	39	3.20	14	49.03	35.62
2004	7	13	10	19	59	3.30	14	47.83	37.77
2001	11	8	2	49	37	4.09	14	46.6	41.64
2002	2	25	12	37	13	4.19	14	48.18	41.94
2002	6	10	23	12	22	4.39	14	47.28	34.54
1997	10	30	4	5	34	4.49	14	43.53	38.76
2001	9	11	2	2	9	4.49	14	47.85	40.98
2002	4	25	4	3	38	4.49	14	47.25	34.63
1978	1	17	19	12	7	4.79	14	44.26	41.04
1953	9	28	11	50	57	4.82	14	45.8	40.4
1958	7	6	10	46	1	4.82	14	48.4	38.5
1967	10	22	15	16	27	4.82	14	48.4	40.6
2004	5	29	9	23	49	4.89	14	51.4	36.49
1988	12	8	1	15	58	4.99	14	44.23	40.85
1970	10	3	2	47	40	5.09	14	47.33	33.95
1964	3	29	23	3	43	5.17	14	49	39.2
1981	2	23	4	6	30	5.20	14	46.04	41.82
1902	10	26	11	37	0	5.23	14	47.8	39.7
1940	9	25	19	31	22	5.41	14	52.04	36.5
1999	6	4	9	12	48	5.59	14	47.48	40.77
1990	6	21	9	2	16	5.99	14	49.79	36.63
2004	5	28	14	38	29	2.18	15	51.67	36.4
2004	5	28	18	54	50	2.18	15	51.54	36.28
2004	6	6	17	27	27	2.18	15	47.76	38.41
2004	5	28	14	49	53	2.25	15	51.61	36.37
2004	6	24	17	14	48	2.25	15	44.33	38.39
2004	5	28	18	33	13	2.33	15	51.59	36.36
2002	3	21	10	14	33	2.40	15	51.4	34.9
2004	6	3	13	5	40	2.40	15	53.23	36.94
2004	6	19	2	19	21	2.40	15	52.09	35.7
2004	5	28	13	26	28	2.48	15	51.78	36.4
2004	5	28	21	24	47	2.48	15	51.73	36.44
2002	11	22	4	6	13	2.56	15	49.16	34.9
2003	3	9	8	57	29	2.56	15	51.34	35.63
2004	5	28	13	28	43	2.56	15	51.61	36.33
2002	11	18	7	6	46	2.64	15	52.03	36.01
2002	11	18	17	56	33	2.64	15	49.09	36.59
2002	12	1	1	44	46	2.64	15	50.56	37.53
2004	6	27	20	25	34	2.64	15	52.74	35.87
2001	2	16	10	45	28	2.73	15	52.12	35.95
2001	8	12	20	4	57	2.73	15	50.88	34.37
2002	11	25	0	48	20	2.73	15	48.8	36.43
2002	11	29	5	27	12	2.73	15	48.82	35.89
2004	5	28	17	51	21	2.73	15	51.38	36.27
2004	6	1	3	1	29	2.73	15	52.99	35.95
2004	6	20	4	49	37	2.82	15	46.25	36.32
2002	3	25	9	58	57	2.91	15	51.87	35.02
2003	9	4	12	4	29	2.99	15	52.01	35.7
2002	7	2	19	37	5	3.00	15	52.67	36.68
2002	8	18	4	34	48	3.00	15	52.78	35.58
2002	12	9	3	40	31	3.00	15	50.93	34.92
2003	1	17	12	34	4	3.00	15	49.9	37.45
2004	6	27	20	17	57	3.00	15	52.66	35.91
2001	5	4	13	15	40	3.20	15	49.33	36.02
2001	10	7	4	36	37	3.20	15	47.88	34.41
2002	3	26	21	5	6	3.20	15	52.92	36.31
2003	9	15	21	21	7	3.29	15	52.02	35.9
2003	8	10	9	12	27	3.30	15	49.28	35.3
2002	1	23	7	9	19	3.39	15	50.47	36.61
2003	9	4	7	56	1	3.49	15	51.42	35.22
2003	9	19	17	53	15	3.49	15	51.85	35.93
2003	9	19	17	11	32	3.69	15	51.62	35.61
2001	11	23	19	30	48	3.89	15	49.86	34.11
2002	2	22	2	3	22	3.89	15	49.92	41.04
2002	8	20	13	12	25	3.99	15	45.94	41.83
2003	12	25	9	17	27	3.99	15	47.62	41.86
2003	12	25	20	12	47	3.99	15	50.36	41.44
1998	9	25	13	59	33	4.09	15	44.07	39.62
1999	3	26	12	6	52	4.09	15	50.21	36.42
2001	1	23	9	29	59	4.09	15	46.54	40.1
2004	2	8	13	58	24	4.09	15	47.53	40.93
1999	4	15	4	12	1	4.19	15	46.28	41.88
1999	4	24	7	39	8	4.19	15	45.2	35.29
1995	3	8	7	38	9	4.29	15	46.57	34.18
1997	5	31	13	42	18	4.29	15	47.3	34.46
2000	9	24	7	12	15	4.29	15	43.66	39.49
1996	8	25	14	17	7	4.39	15	52.97	35.88
1998	2	9	5	34	8	4.39	15	48.35	33.77
1998	12	19	4	54	2	4.39	15	50.96	36.8
2002	2	14	20	6	22	4.39	15	49.46	36.93
2002	10	20	6	13	53	4.39	15	46.2	41.61
2004	2	16	18	47	7	4.39	15	47.8	34.39
1978	2	26	6	40	0	4.49	15	49.48	41.14
1992	5	31	23	58	44	4.49	15	46.8	34.17
1993	3	19	20	5	17	4.49	15	46.76	41.95
1999	2	19	18	0	10	4.49	15	44.5	38.71
1999	10	3	13	19	14	4.49	15	48.74	38.91
2001	12	2	17	5	24	4.49	15	44.17	37.54
1983	5	29	17	15	38	4.59	15	52.13	35.2
1992	3	5	3	30	16	4.59	15	45.02	38.36
1993	3	8	19	13	21	4.59	15	51	36.54
1995	6	26	23	27	34	4.59	15	48.36	39.85
1997	3	21	23	0	42	4.59	15	47.86	38
1998	8	7	1	36	15	4.59	15	43.52	37.72
1999	1	15	13	46	0	4.59	15	45.13	35.36
1999	4	30	14	54	21	4.59	15	45.71	35.93
1999	12	30	19	22	8	4.59	15	45.49	34.46
2002	2	22	19	52	12	4.59	15	49	41.38
2002	12	31	9	6	32	4.59	15	47.44	34.55
2004	3	18	9	33	8	4.59	15	46.31	35.38
1980	5	16	19	50	14	4.69	15	45.88	38.86
1981	5	24	21	12	23	4.69	15	45.41	38.6
1986	6	2	15	16	17	4.69	15	47.91	41.06
1990	10	17	17	6	29	4.69	15	49.49	36.88
1991	10	28	11	47	23	4.69	15	46.82	33.99
1993	3	30	22	25	21	4.69	15	44.83	38.3
1998	2	28	0	39	10	4.69	15	48.76	36.99
1998	9	28	17	26	27	4.69	15	48.7	36.51
2000	9	11	16	54	52	4.69	15	45.23	35.7
2002	4	7	22	50	29	4.69	15	45.24	38.4
1901	4	3	0	57	0	4.76	15	44.3	40
1972	2	5	21	52	41	4.79	15	47.14	33.97
1974	11	5	20	2	19	4.79	15	52.92	36.22
1980	5	5	10	21	48	4.79	15	49.07	38.07
1981	1	4	7	19	45	4.79	15	44.85	38.47
1981	9	14	12	3	44	4.79	15	45.25	37.06
1981	12	4	2	35	37	4.79	15	48.22	40.89
1982	4	21	13	40	2	4.79	15	44.41	35.78
1982	4	21	15	37	57	4.79	15	44.35	35.79
1982	6	10	4	17	30	4.79	15	45.03	37.08
1983	3	26	10	51	46	4.79	15	44.19	38.74
1984	6	29	19	55	16	4.79	15	45.17	38.38
1986	7	10	18	57	16	4.79	15	45.14	38.33
1990	8	13	6	18	24	4.79	15	49.89	36.71
1991	12	18	16	42	21	4.79	15	49.69	36.53
1994	11	9	18	21	8	4.79	15	45.4	36.3
1995	3	3	13	51	22	4.79	15	45.26	34.65
1995	3	25	11	23	29	4.79	15	47.92	34.11
1995	4	26	11	46	11	4.79	15	49.4	36.93
1997	5	12	3	51	3	4.79	15	47.93	37.93
1998	1	9	19	6	13	4.79	15	52.15	36.38
2000	2	26	8	18	37	4.79	15	44.77	37.37
2001	6	12	1	46	49	4.79	15	47.28	39.1
2001	12	2	4	11	48	4.79	15	43.26	38.56
2003	1	12	14	38	46	4.79	15	46.04	34.8
1909	12	30	15	15	0	4.82	15	46.3	38.9
1920	10	3	20	0	0	4.82	15	49.6	39.7
1924	10	16	13	0	0	4.82	15	48.8	40.7
1931	10	7	3	58	0	4.82	15	46.2	39.3
1957	4	2	16	11	5	4.82	15	50.6	40.2
1962	9	19	14	13	58	4.82	15	44.2	40
1962	10	9	6	56	16	4.82	15	44.7	39.6
1962	12	24	14	14	26	4.82	15	47.5	38.5
1967	1	9	20	32	43	4.82	15	43.3	40.3
1967	5	18	6	13	20	4.82	15	44.2	38.7
1968	5	12	5	16	18	4.82	15	44.3	39.1
1969	3	6	20	27	15	4.82	15	43.3	39.6
1946	5	7	4	27	31	4.88	15	43.1	38.9
1970	2	17	2	59	54	4.89	15	43.33	38.59
1970	2	17	16	16	51	4.89	15	43.36	38.66
1971	4	30	9	6	15	4.89	15	50.36	34.64
1975	4	11	14	26	43	4.89	15	50.26	35.62
1979	7	1	9	37	29	4.89	15	46.07	34.8
1983	4	2	0	32	27	4.89	15	48.69	38.97
1983	12	17	0	14	24	4.89	15	43.98	41.16
1985	2	27	16	34	18	4.89	15	43.06	37.98
1985	10	14	15	28	33	4.89	15	52.66	35.58
1986	6	2	6	25	22	4.89	15	45.61	35.87
1988	1	27	3	46	58	4.89	15	45.12	39.81
1989	2	15	10	10	6	4.89	15	50.39	37.31
1990	6	21	21	31	10	4.89	15	49.35	36.76
1990	7	1	21	16	50	4.89	15	48.84	37.09
1990	8	20	12	20	11	4.89	15	49.63	36.8
1991	7	24	10	8	36	4.89	15	44.03	36.6
1991	7	24	18	37	1	4.89	15	44.01	36.5
1992	3	13	19	30	23	4.89	15	45.16	36.82
1994	11	2	12	31	4	4.89	15	48.26	38.24
2002	12	9	7	50	57	4.89	15	45.21	36.67
2003	12	24	3	50	0	4.89	15	50.5	35.17
1966	11	8	3	14	11	4.99	15	50.75	36.1
1971	9	8	22	35	14	4.99	15	43.99	41.23
1976	12	12	7	54	18	4.99	15	44.22	38.96
1977	3	26	5	4	36	4.99	15	43.42	39.32
1982	5	29	14	22	0	4.99	15	43.68	39.34
1983	12	20	22	21	4	4.99	15	50.85	36.85
1986	1	6	0	9	11	4.99	15	48.95	40.59
1986	7	12	17	0	52	4.99	15	45.17	38.4
1987	12	7	0	7	31	4.99	15	43.06	38.05
1988	1	7	10	59	38	4.99	15	45.43	38.41
1989	12	3	7	39	10	4.99	15	45.37	38.4
1990	8	21	3	47	28	4.99	15	49.49	36.95
2002	10	27	7	35	9	4.99	15	48.02	34.24
2003	10	20	6	26	53	4.99	15	44.6	38.61
1904	7	16	12	1	0	5.00	15	47.8	39.4
1906	3	20	23	45	0	5.00	15	49	38.9
1922	11	22	5	41	0	5.00	15	50	40.2
1952	9	30	2	50	43	5.06	15	44.16	38.84
1996	5	9	10	58	42	5.06	15	48.43	40.67
1972	7	16	2	46	49	5.09	15	43.29	38.23
1975	1	14	22	7	49	5.09	15	44.81	35.4
1977	1	2	19	37	25	5.09	15	43.58	39.26
1977	5	26	9	50	23	5.09	15	44.32	38.94
1979	4	11	12	14	25	5.09	15	43.88	39.09
1986	4	11	4	10	33	5.09	15	43.38	39.99
1988	7	25	7	58	39	5.09	15	45.69	36.04
1988	10	24	17	1	57	5.09	15	52.26	35.17
1989	7	22	23	48	27	5.09	15	45.06	35.55
1990	6	21	7	50	25	5.09	15	49.48	36.86
1990	9	25	12	12	18	5.09	15	49.77	36.69
1968	9	1	5	39	45	5.19	15	46.13	39.09
1980	12	15	22	48	13	5.19	15	44.57	35.82
1988	6	4	3	9	0	5.19	15	45.3	36.96
1988	12	7	9	34	36	5.19	15	44.08	40.94
1990	12	28	4	3	55	5.19	15	49.2	36.96
1964	11	3	17	36	6	5.29	15	50.18	35.52
1972	2	3	2	29	20	5.29	15	48.44	40.75
1990	6	21	12	17	30	5.29	15	49.45	36.87
1961	12	3	18	31	56	5.29	15	44.11	41.07
1990	6	24	9	45	59	5.30	15	49.41	36.84
1997	3	2	18	29	45	5.30	15	47.89	37.99
1963	4	16	18	47	4	5.39	15	44.32	35.79
1970	3	14	1	51	45	5.39	15	44.77	38.59
1981	12	28	14	49	40	5.39	15	45.92	35.01
1902	2	15	2	40	0	5.41	15	48.6	40.7
1960	4	2	23	33	12	5.41	15	48.15	34.18
1990	6	20	23	48	47	5.47	15	49.83	36.71
1988	4	20	3	50	5	5.50	15	44.12	39.07
1988	6	25	16	15	35	5.50	15	43.08	38.46
1990	6	20	22	58	53	5.53	15	49.47	36.83
1990	6	20	23	0	39	5.53	15	49.43	36.93
1916	6	2	0	0	0	5.59	15	52.3	40.5
1960	4	2	22	36	0	5.59	15	48.19	34.29
1982	10	25	16	54	50	5.65	15	52.31	35.11
1962	10	13	10	23	37	5.69	15	50.06	35.62
1983	7	22	2	40	59	5.79	15	49.22	36.94
1991	11	28	17	19	56	5.79	15	49.58	36.83
1981	7	23	0	5	30	5.90	15	45.2	37.08
2001	2	11	22	45	47	2.18	16	52.1	35.94
2001	2	22	6	19	57	2.25	16	51.99	35.22
2002	12	24	17	29	59	2.82	16	47.27	34.61
2002	3	29	14	3	19	3.79	16	46.03	41.28
2003	9	2	11	20	53	3.99	16	46.03	41.98
2002	12	23	16	5	46	4.09	16	46.42	41.8
2001	5	10	2	56	39	4.19	16	45.92	41.84
2002	7	31	4	27	7	4.19	16	46.52	41.28
2002	8	21	6	3	17	4.19	16	46.14	41.93
2002	10	16	14	16	10	4.19	16	46.06	41.91
2002	7	7	15	12	54	4.39	16	49.2	40.87
2002	1	24	3	55	55	4.49	16	46.6	41.86
1988	3	1	1	2	3	4.69	16	50.79	34.48
1993	8	19	10	4	30	4.79	16	52.1	35.17
1994	12	3	1	35	49	4.79	16	49.32	37.65
1931	6	25	21	41	48	4.82	16	46.4	39.5
1968	7	26	23	22	40	4.82	16	46.1	39.2
1959	8	17	1	33	21	4.94	16	48.1	39.1
1958	5	30	5	16	17	5.12	16	43.9	41.2
1980	12	3	4	26	13	5.30	16	50.43	37.13
1924	9	27	10	12	0	5.35	16	53	37
1988	12	7	8	6	29	5.59	16	44.23	40.83
1990	6	21	2	8	53	5.59	16	49.76	36.79
2004	3	15	20	5	9	2.73	17	46.13	34.81
2000	9	3	6	13	17	3.20	17	48.03	34.27
2000	11	25	20	25	33	3.89	17	50.14	40.14
1996	6	2	13	13	24	4.09	17	44.16	41.31
1996	5	18	20	10	21	4.19	17	47.64	34.31
1971	9	21	1	4	19	4.49	17	44.14	38.58
1986	7	29	3	17	37	4.69	17	45.35	36.46
1998	4	4	2	46	31	4.69	17	49.52	36.61
2004	5	24	0	14	57	4.79	17	46.74	34.01
1988	5	6	0	14	43	5.17	17	44.02	39.11
1977	1	17	5	19	23	5.19	17	43.65	39.23
1924	9	23	2	22	0	5.29	17	46.5	40.3
1935	4	12	0	33	39	5.65	17	52.8	36
1977	5	26	1	35	13	5.70	17	44.32	38.9
2001	2	5	5	0	54	2.33	18	50.3	39.94
2001	2	26	17	7	2	2.33	18	49.41	36.76
2001	2	5	19	2	21	2.40	18	48.6	38.61
2001	2	10	11	2	19	2.40	18	50.84	40.1
2001	2	25	16	46	2	2.40	18	50.13	39.93
2001	2	11	19	22	19	2.48	18	50.69	39.92
2001	1	7	20	41	46	2.64	18	50.29	40.04
2002	12	25	18	30	8	2.73	18	47.37	34.53
2003	10	13	20	28	20	3.69	18	52.25	35.12
2004	1	25	21	48	5	3.89	18	48.54	41.69
2000	4	10	3	42	40	4.09	18	48.11	38.07
2004	2	8	12	54	9	4.39	18	47.44	41.07
2002	3	14	12	57	1	4.49	18	44.13	39.33
1982	3	12	21	50	19	4.59	18	48.22	34.03
1998	11	23	11	11	39	4.69	18	45.15	38.33
1992	12	9	20	29	49	4.89	18	45.4	40.1
1913	9	24	16	5	0	4.94	18	48.9	38.5
1997	2	28	21	46	22	5.06	18	47.98	38.16
1902	2	27	0	5	0	5.17	18	48	40.5
1928	3	24	10	53	29	5.41	18	48.17	38.14
1940	7	11	1	23	33	5.47	18	47.6	39.5
1924	10	9	5	41	0	5.53	18	48.6	40.9
1942	4	3	0	0	0	5.59	18	53.4	39.8
1980	12	22	12	51	20	5.70	18	50.63	34.43
1990	6	20	21	0	10	7.59	18	49.35	36.99
2003	2	13	17	14	51	3.79	19	48.56	33.96
1999	12	8	23	27	27	4.29	19	46.43	34.34
2002	3	2	11	47	14	4.49	19	46.56	39.92
1979	3	2	15	35	25	4.89	19	46.46	41.28
1967	2	15	1	47	28	5.09	19	47.6	34.59
1958	5	16	9	19	1	5.12	19	43.8	41.1
1916	10	11	5	57	0	5.23	19	46.4	40.1
2004	5	28	14	20	22	2.40	20	51.73	36.44
1997	4	30	3	46	27	3.69	20	51.93	39.96
2002	8	17	17	48	12	4.09	20	46.23	41.85
2003	10	4	1	23	50	4.09	20	48.74	41.34
2004	1	25	13	18	7	4.09	20	46.72	41.37
2001	1	9	0	4	49	4.19	20	47.62	41.6
2001	4	17	9	53	38	4.39	20	48.97	41.74
2002	8	17	13	28	32	4.39	20	46.33	41.93
2002	8	17	14	55	38	4.49	20	46.27	41.84
2002	8	17	17	58	11	4.49	20	46.22	41.88
1973	6	16	8	59	9	4.53	20	44.32	40.28
1975	8	6	0	54	59	4.59	20	48.7	40.71
1980	12	19	13	42	6	4.69	20	44.45	35.62
1989	12	2	4	51	59	4.69	20	45.43	38.45
1926	10	27	21	20	0	4.82	20	43.8	40.6
1928	11	4	17	5	9	4.82	20	43.8	40.7
1953	3	16	10	25	21	4.82	20	47.6	40.9
1953	6	21	20	25	9	4.82	20	47.1	37.9
1956	11	1	21	57	59	4.82	20	48.1	38.9
1964	9	11	14	9	48	4.82	20	48.6	40.3
1964	11	4	4	27	14	4.82	20	49.3	38.7
1970	2	28	12	32	56	4.82	20	43.2	40.4
1955	6	26	10	35	21	4.88	20	52	40
1972	11	5	13	6	44	4.89	20	47.4	41.21
1975	10	20	3	20	1	4.89	20	48.46	41.63
1986	8	10	17	47	55	4.89	20	43.55	38.55
1990	6	28	17	21	7	4.89	20	49.87	36.77
1991	12	1	9	17	27	4.89	20	45.11	36.53
1907	4	12	2	1	10	4.94	20	45.4	39.2
1922	7	27	2	3	0	4.94	20	47.5	40.4
1964	11	15	6	33	24	4.99	20	45.48	35.51
1981	5	4	16	13	57	4.99	20	45.74	34.34
1990	6	28	3	20	38	4.99	20	49.52	36.87
1994	9	5	19	13	15	4.99	20	46.32	42.02
1961	4	19	14	20	6	5.00	20	44.9	38.3
1967	7	11	1	25	50	5.00	20	47.8	38.2
1987	7	12	16	1	27	5.09	20	46.9	34.99
1990	6	27	3	56	23	5.09	20	49.71	36.87
1953	2	14	20	52	30	5.12	20	43.6	38.5
1971	1	20	21	32	0	5.19	20	46.87	35.02
1974	11	27	16	52	48	5.19	20	45.64	35.24
1983	11	19	7	57	58	5.19	20	45.99	34.32
1916	10	28	20	48	0	5.23	20	44.1	40.1
1902	9	5	4	33	0	5.29	20	48	39.5
1990	7	6	19	34	52	5.30	20	49.3	36.86
1970	7	11	22	41	12	5.39	20	49.03	37.54
1913	3	25	14	4	0	5.41	20	48.2	41.8
1983	3	25	11	57	49	5.50	20	52.29	36.04
1983	3	26	4	7	19	5.59	20	52.24	35.99
1993	1	15	12	15	1	5.65	20	43.71	36.7
1963	1	2	17	38	0	5.71	20	49.9	35.7
1962	9	4	13	30	13	5.79	20	49.72	35.56
1962	9	4	22	59	19	5.88	20	44.11	39.9
1980	12	18	12	34	15	6.20	20	44.63	35.89
1980	5	4	18	35	19	6.60	20	49.02	38.05
1975	8	6	1	43	32	4.19	21	48.55	40.66
1981	3	29	17	20	51	4.59	21	50.86	34.37
1914	12	3	23	39	32	4.82	21	43.9	41
1993	3	15	15	32	42	4.89	21	45.85	38.23
1976	7	27	18	39	36	4.99	21	48.88	40.31
1907	12	23	14	25	0	5.00	21	46	38.7
1957	5	29	10	3	13	5.17	21	45.84	38.63
1956	3	21	4	54	50	5.41	21	48.42	40.95
2001	6	21	22	37	36	2.25	22	52.17	35.97
2002	10	27	9	57	47	2.40	22	46.54	34.8
2004	7	3	6	43	28	2.56	22	51.37	36.55
2001	6	20	20	42	0	2.82	22	47.84	38.03
2004	5	28	17	34	51	2.82	22	51.36	36.48
1991	12	19	7	19	59	3.99	22	49.83	36.66
2000	12	9	20	3	52	4.09	22	50.48	40.42
1997	10	12	5	6	8	4.49	22	43.31	38.47
2002	1	5	14	43	45	4.59	22	48.98	37.58
1968	5	19	16	49	50	4.79	22	53.35	36.61
1995	6	26	21	12	54	4.94	22	51.19	36.6
1934	11	2	22	6	16	5.00	22	48.7	39.9
1942	5	17	18	46	0	5.00	22	48.3	39.2
1983	2	23	5	33	54	5.09	22	50.4	40.52
2002	9	2	1	0	6	5.20	22	48.81	35.68
1988	8	22	21	23	38	5.30	22	52.34	35.32
1968	4	26	2	58	24	5.39	22	50.16	35.06
2004	5	28	17	17	26	2.40	23	51.55	36.41
2001	9	12	4	38	39	3.10	23	50.69	34.21
2004	1	13	12	0	34	3.99	23	48.07	41.23
2002	10	10	18	55	58	4.09	23	48.15	40.92
1982	4	27	17	16	27	4.39	23	46.32	39.12
1998	3	3	21	39	44	4.69	23	46.72	40.25
1998	11	18	11	37	21	4.89	23	45.28	38.41
1997	5	14	1	21	56	3.79	24	45.17	38.3
1974	2	18	18	23	38	4.19	24	43.35	37.53
1982	12	22	9	49	4	4.69	24	46.22	41.72
2003	6	21	15	0	5	4.69	24	52.86	35.63
1989	8	15	14	35	31	4.79	24	48.79	41.04
1977	1	1	22	26	41	4.89	24	43.48	39.35
1931	5	21	12	0	54	4.94	24	44.3	39.5
1962	12	2	23	36	25	4.94	24	50	35.58
1980	1	13	5	51	35	5.19	24	50.4	37.13
1997	11	27	17	34	30	5.30	24	45.38	41.84
2004	7	22	2	5	31	2.33	25	51.52	36.51
2003	2	17	2	55	40	4.09	25	46.44	41.82
1996	5	8	6	20	25	4.41	25	46.02	40.63
1997	6	2	3	54	45	4.59	25	48.27	34.01
1998	1	23	12	32	53	4.59	25	43.97	39.25
2002	4	28	2	4	11	4.59	25	47.31	34.52
1997	11	2	0	26	2	4.69	25	43.32	38.75
2002	4	24	20	11	22	4.69	25	47.16	34.53
2004	5	28	19	47	5	4.69	25	51.4	36.43
1976	4	2	16	58	7	4.79	25	43.69	39.8
1988	8	23	10	58	12	4.79	25	52.33	35.28
1990	7	1	17	19	47	4.79	25	48.89	37.21
2001	10	30	4	31	45	4.79	25	47.31	41.47
1917	1	23	18	9	0	4.88	25	46.5	40.2
1990	10	22	3	50	24	4.89	25	49.39	36.91
2002	2	28	0	46	31	4.89	25	44.18	37.29
2002	4	30	7	10	53	4.89	25	47.38	34.49
2003	3	16	9	6	24	4.89	25	43.93	36.69
1970	6	27	7	57	56	4.99	25	50.76	35.13
2002	4	24	19	43	12	4.99	25	47.36	34.53
2002	4	24	20	10	2	4.99	25	47.35	34.49
1998	8	21	5	13	12	5.00	25	48.18	34.22
1929	3	24	16	17	50	5.06	25	43.8	41.1
2001	8	12	0	42	9	5.06	25	44.14	37.3
1976	1	12	22	41	50	5.09	25	43.13	38.59
1983	6	3	16	34	43	5.09	25	50.85	41.39
1986	4	29	22	7	56	5.09	25	49.1	37.9
1994	4	17	8	2	32	5.09	25	46.33	41.91
1999	1	15	19	14	11	5.10	25	45.19	35.4
1988	8	23	5	30	51	5.20	25	52.25	35.38
1995	10	15	6	56	35	5.20	25	49.47	37.03
1987	5	29	6	27	51	5.30	25	48.29	34.06
1908	4	29	0	0	0	5.35	25	48.5	40.3
1916	6	28	17	58	35	5.35	25	48.5	41
2002	6	22	6	45	38	5.35	25	48.87	35.59
1982	5	3	4	10	4	5.39	25	46.16	41.19
2002	4	24	19	48	7	5.40	25	47.4	34.6
1913	11	12	4	28	56	5.41	25	45.8	38.8
1986	1	27	16	35	50	5.49	25	48.71	38.92
1980	7	22	5	17	8	5.60	25	50.26	37.32
1978	5	26	13	43	38	5.79	25	46.54	41.97
2004	5	28	15	1	18	2.18	26	51.58	36.45
2004	5	6	0	43	43	3.79	26	47.14	34.47
2000	3	9	14	29	42	3.99	26	47.65	41.01
2000	11	25	22	15	4	3.99	26	49.95	40.22
2002	1	2	1	8	13	3.99	26	47.5	41.92
1991	3	27	22	17	54	4.49	26	45.43	40.43
1993	3	17	23	59	15	4.59	26	44.86	38.25
2001	5	16	7	24	29	5.06	26	52.66	36.26
1954	10	22	22	47	34	5.29	26	45.78	38.78
1991	7	24	9	45	44	5.50	26	44.05	36.6
1981	8	4	18	35	43	5.60	26	49.37	38.15
1978	11	4	15	22	20	6.40	26	48.91	37.67
2002	11	18	16	8	11	2.48	27	47.55	34.5
2002	6	20	7	7	33	4.09	27	48.55	41.75
1975	3	13	17	33	12	4.59	27	50.7	37.08
1965	5	11	5	44	29	4.69	27	51.04	39.93
1931	2	6	5	20	12	5.00	27	46.3	39.5
1952	7	11	6	19	2	5.00	27	48.61	40.72
1971	12	20	5	5	22	5.35	27	48.52	41.23
1966	4	20	16	42	6	5.65	27	48.15	41.7
2004	5	28	12	38	45	6.40	27	51.57	36.26
2004	5	28	21	22	48	2.18	28	51.42	36.37
2004	6	3	7	37	27	2.18	28	51.65	36.44
2004	6	4	8	35	21	2.18	28	51.65	36.36
2004	6	5	19	8	48	2.18	28	51.53	36.48
2004	6	8	4	34	36	2.18	28	51.38	36.47
2004	5	28	15	9	9	2.25	28	51.82	36.49
2004	5	28	15	20	49	2.25	28	51.53	36.39
2004	5	28	20	14	29	2.25	28	51.67	36.43
2004	5	28	22	32	34	2.25	28	51.38	36.36
2004	5	28	23	7	27	2.25	28	51.4	36.39
2004	5	29	23	5	46	2.25	28	51.36	36.48
2004	6	1	6	22	1	2.25	28	51.45	36.39
2004	5	28	20	16	55	2.33	28	51.36	36.51
2004	5	30	18	3	19	2.33	28	51.45	36.44
2004	6	1	10	57	46	2.33	28	51.41	36.45
2004	6	8	10	46	24	2.33	28	51.51	36.48
2004	6	10	6	27	23	2.33	28	51.7	36.41
2004	5	28	16	45	21	2.40	28	51.46	36.26
2004	5	28	20	49	25	2.40	28	51.37	36.45
2004	5	29	5	34	50	2.40	28	51.43	36.44
2004	5	30	11	49	2	2.40	28	51.36	36.36
2004	6	3	20	15	25	2.40	28	51.64	36.45
2004	6	5	0	10	45	2.40	28	51.4	36.4
2004	6	6	6	8	21	2.40	28	51.41	36.44
2004	6	6	17	20	15	2.40	28	51.65	36.44
2004	6	8	9	6	8	2.40	28	51.54	36.32
2004	6	9	8	27	3	2.40	28	51.51	36.4
2004	6	24	2	36	28	2.40	28	51.42	36.47
2004	5	29	1	57	58	2.48	28	51.37	36.36
2004	5	30	6	7	36	2.48	28	51.65	36.45
2004	5	30	8	57	6	2.48	28	51.49	36.18
2004	5	28	14	28	27	2.56	28	51.7	36.37
2004	6	2	11	12	25	2.56	28	51.41	36.5
2004	6	3	3	43	45	2.56	28	51.51	36.41
2004	6	5	22	12	45	2.56	28	51.52	36.44
2004	6	9	5	25	18	2.56	28	51.67	36.36
2004	5	28	20	9	18	2.64	28	51.37	36.41
2004	5	28	21	31	25	2.64	28	51.67	36.41
2004	5	28	23	53	57	2.64	28	51.7	36.38
2004	5	30	12	41	41	2.64	28	51.36	36.51
2004	5	30	17	12	1	2.64	28	51.52	36.47
2004	6	2	20	41	19	2.64	28	51.51	36.49
2002	10	27	10	21	53	2.73	28	48.31	34.42
2004	5	28	20	7	26	2.73	28	51.38	36.4
2004	5	28	20	31	20	2.73	28	51.4	36.41
2004	5	29	6	34	14	2.73	28	51.43	36.43
2004	5	29	15	3	49	2.73	28	51.41	36.5
2004	5	30	16	18	24	2.73	28	51.44	36.26
2004	6	1	0	35	32	2.73	28	51.49	36.45
2004	6	1	3	22	26	2.73	28	51.71	36.38
2004	6	1	16	28	34	2.73	28	51.63	36.39
2004	6	5	20	58	14	2.73	28	51.43	36.42
2004	5	28	20	32	57	2.82	28	51.42	36.46
2004	5	29	3	54	27	2.82	28	51.4	36.47
2004	5	29	13	34	24	2.82	28	51.39	36.39
2004	5	29	15	23	49	2.82	28	51.35	36.5
2004	6	1	2	41	28	2.82	28	51.46	36.37
2004	6	6	2	20	10	2.82	28	51.63	36.33
2004	6	18	3	39	50	2.82	28	51.96	36.17
2004	5	28	20	25	31	2.91	28	51.47	36.17
2004	5	29	0	25	48	2.91	28	51.43	36.36
2004	5	29	6	14	20	2.91	28	51.41	36.47
2004	5	29	13	1	55	2.91	28	51.38	36.52
2004	6	2	10	55	27	2.91	28	51.53	36.47
2004	5	28	21	3	35	3.00	28	51.43	36.32
2004	5	29	19	58	19	3.00	28	51.45	36.46
2004	5	30	7	48	53	3.00	28	51.38	36.46
2004	5	30	15	48	46	3.00	28	51.46	36.44
2004	6	1	9	33	15	3.00	28	51.64	36.43
2004	6	3	17	26	11	3.00	28	51.51	36.44
2004	5	29	10	20	40	3.10	28	51.41	36.37
2004	5	29	12	56	43	3.10	28	51.42	36.5
2004	5	30	2	41	27	3.10	28	51.45	36.46
2004	5	29	4	53	4	3.20	28	51.42	36.37
2004	5	29	14	56	46	3.20	28	51.44	36.45
2004	5	29	18	42	45	3.30	28	51.41	36.43
2004	5	28	13	7	11	3.41	28	51.67	36.33
2004	5	29	4	12	35	3.41	28	51.7	36.41
2004	5	29	15	41	3	3.41	28	51.42	36.46
2004	5	29	17	30	26	3.41	28	51.44	36.49
2004	5	29	22	55	19	3.41	28	51.36	36.43
2004	5	30	13	9	55	3.52	28	51.45	36.41
2003	9	30	3	44	36	3.69	28	52.57	35.97
2004	5	29	11	1	32	3.75	28	51.38	36.42
2003	12	2	19	4	18	3.79	28	52.66	36
2004	5	28	13	35	56	4.00	28	51.61	36.39
2004	5	30	1	42	41	4.13	28	51.61	36.4
2004	5	29	18	38	7	4.26	28	51.37	36.45
1997	6	28	6	45	0	4.29	28	48.24	41.69
2000	4	25	6	12	54	4.29	28	46.26	41.86
1968	6	9	11	38	22	4.39	28	46.23	39.24
1974	1	6	21	37	24	4.49	28	42.92	38.28
1977	4	26	13	31	43	4.59	28	43.42	39.14
1990	4	21	21	57	52	4.69	28	53.1	36.13
2002	12	24	22	17	15	4.79	28	47.4	34.49
1995	5	15	0	16	54	4.89	28	49.43	38.49
1997	6	7	20	29	48	4.94	28	50.36	36.51
1996	1	28	8	43	17	4.99	28	46.45	34.28
1974	2	24	5	35	19	5.00	28	44.44	40.07
1996	4	22	14	42	34	5.09	28	47.4	39.22
2002	4	19	13	46	51	5.20	28	49.75	36.52
1924	5	31	11	33	1	5.23	28	47.5	40.5
1941	9	10	21	53	56	6.39	28	43.39	39.07
2004	5	29	3	35	23	3.00	29	51.74	36.41
2001	2	10	20	42	25	4.19	29	43.55	38.8
2004	3	10	0	49	58	4.19	29	50.89	40.11
1967	2	16	15	10	6	4.49	29	48.1	33.8
1973	10	27	14	22	46	4.49	29	52.57	35.77
1964	5	15	1	56	8	4.69	29	49.86	35.76
1968	2	5	13	34	11	4.79	29	48.07	40.87
1998	7	9	14	19	20	6.00	29	48.53	38.73
1998	4	24	22	0	8	4.19	30	47.16	39.9
1982	7	12	5	4	38	4.29	30	48.42	40.76
1997	7	18	7	34	0	4.39	30	44.97	41.21
1970	4	16	1	26	50	4.79	30	48.61	38.81
1984	3	7	23	29	37	4.79	30	43.35	39.05
1999	10	12	15	41	14	4.79	30	48.33	39.15
1989	4	13	7	49	21	4.89	30	45.83	41.73
1999	1	14	22	45	20	4.89	30	44.04	41.27
2003	6	1	6	9	46	4.89	30	47.32	41.04
1989	7	28	15	54	36	4.99	30	45.41	35.63
1996	6	18	8	11	5	4.99	30	45.75	39.08
1916	10	11	3	5	0	5.00	30	45.5	39.5
1990	5	27	18	28	1	5.09	30	44.2	40.86
2002	12	24	17	3	4	5.20	30	47.48	34.54
1938	12	12	12	23	50	5.35	30	46.6	40.6
1971	8	9	2	54	38	5.39	30	52.76	36.2
1996	1	3	8	42	24	5.40	30	48.73	38.95
1924	2	19	8	30	0	5.41	30	48.6	39.4
2000	1	26	23	0	21	5.49	30	52.88	39.95
1956	4	12	22	34	49	5.71	30	50.26	37.33
1961	6	9	9	36	52	6.00	30	50.54	40.8
1990	1	20	1	27	12	6.00	30	52.97	35.9
2004	7	18	13	44	18	2.18	31	51.42	36.43
2000	11	28	0	14	32	3.79	31	50.15	40.19
2002	5	31	21	38	15	4.19	31	48.74	40.47
1981	7	6	21	25	10	4.79	31	44.66	35.31
1964	8	4	23	18	53	4.89	31	45.95	34.34
1967	3	18	0	10	57	5.09	31	46.49	41.93
1948	8	30	0	0	0	5.65	31	48	41.9
1986	3	6	0	5	39	6.50	31	51.59	40.34
2003	1	17	0	18	42	2.73	32	48.91	35.2
2001	11	26	5	24	23	4.29	32	48.71	40.63
1985	3	27	16	14	56	4.89	32	53.64	39.31
1902	2	16	18	11	0	5.53	32	47.4	40.2
2004	6	1	8	15	20	2.25	33	51.76	36.46
2004	5	28	18	25	4	2.64	33	51.56	36.39
2004	1	8	15	34	19	2.82	33	48.01	34.21
2000	5	10	22	33	11	2.89	33	49.61	34.66
2001	1	21	16	52	51	3.20	33	46.51	34.65
2001	4	26	20	10	28	3.20	33	48.2	34.33
1992	2	25	22	1	56	3.39	33	45.27	39.22
2002	1	9	1	31	39	3.39	33	49.96	40.23
2002	1	12	5	18	22	3.39	33	50.56	35.61
1994	3	12	15	0	45	3.49	33	49.19	37.03
1996	1	12	4	38	40	3.49	33	46.64	40.54
1997	2	16	10	57	30	3.49	33	46.05	41.99
1998	4	20	2	50	0	3.49	33	49.15	36.83
2002	6	9	3	12	18	3.49	33	45.37	38.31
1996	6	9	20	25	53	3.59	33	48.45	39.97
1998	3	18	21	11	37	3.59	33	48.52	41.09
2001	11	2	0	2	49	3.59	33	48.74	39.81
2002	2	19	11	39	46	3.59	33	50.2	40.92
2004	1	14	18	35	6	3.59	33	51.47	41.04
2004	6	21	0	12	50	3.59	33	50.83	40.35
1996	5	9	7	44	48	3.69	33	48.88	40.98
1996	6	28	21	29	49	3.69	33	53.3	40.3
2000	4	24	17	4	57	3.69	33	50.37	41.05
2000	11	25	18	35	55	3.69	33	50.16	39.93
2003	6	24	7	16	51	3.69	33	49.7	41.16
1989	4	4	10	39	8	3.79	33	45.3	38.8
1989	6	4	10	39	8	3.79	33	45.3	38.75
1990	4	1	8	26	52	3.79	33	45.49	35.08
1993	1	16	17	54	11	3.79	33	50.58	37.07
1996	5	1	3	31	23	3.79	33	49.14	40.26
1997	3	9	4	30	41	3.79	33	47.9	37.82
1998	4	18	23	42	14	3.79	33	48.88	35.51
1998	7	7	11	6	38	3.79	33	52.08	36.22
1998	7	18	2	51	46	3.79	33	45.56	35.68
1998	8	30	15	12	55	3.79	33	52.13	36.1
1998	11	18	16	27	3	3.79	33	45.44	38.52
2000	4	24	4	40	9	3.79	33	50.06	41.01
2000	4	24	7	9	35	3.79	33	50.01	41.07
2000	6	23	15	44	27	3.79	33	51.03	40.31
2000	11	25	21	1	5	3.79	33	50.09	40.12
2001	4	10	1	31	59	3.79	33	49.33	39.79
2001	5	21	0	49	12	3.79	33	49.33	39.85
2002	5	23	9	28	21	3.79	33	46.57	34.09
2004	4	10	21	35	49	3.79	33	51.4	41.73
1975	8	11	0	12	19	3.89	33	49.2	38.9
1991	6	12	5	15	25	3.89	33	51.07	41.44
1996	5	19	4	24	21	3.89	33	45.21	41.75
1996	8	8	2	9	38	3.89	33	49.71	37.04
1997	4	20	18	4	30	3.89	33	48.06	38.43
1997	5	10	17	57	24	3.89	33	46.39	39.92
1998	5	17	18	33	14	3.89	33	43.92	36.49
1999	12	30	19	52	30	3.89	33	45.59	34.61
2000	4	25	1	27	58	3.89	33	50.26	41
2000	11	25	19	5	2	3.89	33	49.3	40.94
2000	11	26	1	30	53	3.89	33	50.24	40.24
2000	11	27	21	16	54	3.89	33	49.85	40.24
2000	11	29	2	7	8	3.89	33	50.52	40.01
2000	12	4	3	42	18	3.89	33	50.19	39.97
2002	1	24	7	23	59	3.89	33	48.46	38.76
2002	3	8	14	29	18	3.89	33	44.66	36.45
2002	10	15	13	59	34	3.89	33	52.23	35.84
2003	11	8	10	23	16	3.89	33	51.95	40.41
2004	1	4	13	10	34	3.89	33	50.86	41.39
2004	4	29	1	31	59	3.89	33	48.98	38.37
1996	1	14	20	5	24	3.99	33	51.14	36.58
1996	1	20	23	56	29	3.99	33	45.85	40.59
1996	8	9	16	50	8	3.99	33	46.96	36.06
1997	6	22	0	46	34	3.99	33	49.28	39.57
1997	6	23	15	6	3	3.99	33	52.53	35.6
1997	10	17	21	14	8	3.99	33	47.85	38.27
1998	1	2	0	9	4	3.99	33	52.35	36.9
1998	7	31	16	40	42	3.99	33	42.84	38.57
1998	8	14	23	58	5	3.99	33	49.57	41.23
1998	9	8	7	36	17	3.99	33	44.57	37.05
1999	1	3	8	20	40	3.99	33	45.7	34.39
1999	6	22	12	14	2	3.99	33	43.59	37.09
1999	8	28	20	5	45	3.99	33	46.07	34.5
2000	7	2	11	42	44	3.99	33	50.02	40.94
2000	11	25	20	46	14	3.99	33	49.95	40.2
2000	11	25	21	18	47	3.99	33	49.62	40.13
2000	12	25	10	13	54	3.99	33	51.58	40.36
2001	8	11	14	45	10	3.99	33	44.3	37.19
2001	11	24	3	36	40	3.99	33	50.22	40.16
2002	11	3	6	24	32	3.99	33	47.55	34.35
2004	1	1	9	43	21	3.99	33	50.71	40.62
2004	6	4	15	15	37	3.99	33	52.16	40.17
1987	4	12	16	55	21	4.09	33	48.68	38.16
1987	11	7	16	3	30	4.09	33	48.02	34.1
1990	7	7	1	45	46	4.09	33	49.52	37.21
1992	4	4	11	6	52	4.09	33	42.89	39.61
1993	5	1	6	47	47	4.09	33	48.89	38.95
1996	1	6	0	56	55	4.09	33	50.28	40.97
1996	7	17	22	12	18	4.09	33	49.83	37.47
1996	10	22	16	2	22	4.09	33	51.99	39.42
1997	12	2	15	53	4	4.09	33	49.14	40.34
1997	12	11	10	7	15	4.09	33	48.58	40.7
1999	3	17	1	50	57	4.09	33	47.09	40.43
2000	2	26	10	41	39	4.09	33	44.53	37.34
2000	11	26	18	23	6	4.09	33	50.04	40.32
2000	12	2	15	43	0	4.09	33	50.2	40.14
2000	12	2	18	11	6	4.09	33	49.89	40.33
2001	12	15	2	26	36	4.09	33	50.01	40.19
2003	9	30	15	33	3	4.09	33	53.37	36.42
2003	10	22	0	15	30	4.09	33	51.9	40.88
1964	2	5	11	27	6	4.19	33	46	40.4
1974	3	30	0	35	5	4.19	33	44.29	41.48
1974	12	31	17	53	3	4.19	33	48.5	40.26
1979	1	1	4	25	39	4.19	33	50.18	37.64
1982	3	10	5	34	30	4.19	33	49.61	38.09
1986	10	5	10	13	45	4.19	33	45.97	35.75
1988	4	7	1	18	12	4.19	33	45.29	38.86
1988	7	9	1	31	4	4.19	33	44.01	36.89
1988	7	22	16	49	33	4.19	33	45.46	38.92
1990	6	22	13	56	14	4.19	33	50.1	36.9
1990	6	27	7	48	26	4.19	33	49.46	37.25
1991	6	2	2	24	26	4.19	33	48.34	37.26
1991	12	4	6	2	50	4.19	33	49.43	37.12
1991	12	8	1	2	6	4.19	33	48.12	38.32
1992	4	26	13	15	51	4.19	33	47.33	37.87
1992	11	6	15	28	46	4.19	33	47.78	38.04
1995	2	26	11	33	27	4.19	33	43.05	38.31
1995	10	5	3	57	11	4.19	33	46.8	35.21
1997	10	19	7	51	3	4.19	33	48.85	40.8
1998	5	27	2	34	5	4.19	33	48.09	40.51
1998	11	9	21	36	44	4.19	33	45.15	38.08
1998	12	23	17	1	18	4.19	33	46.16	41.95
1999	4	26	20	27	36	4.19	33	43.64	36.48
1999	5	24	10	4	25	4.19	33	44.39	40.95
2001	1	28	8	0	7	4.19	33	46.42	40.69
2001	7	13	18	31	32	4.19	33	44.34	41.37
2001	8	17	20	9	32	4.19	33	44.07	38.74
2002	8	17	21	7	56	4.19	33	46.26	41.88
2002	12	4	6	18	32	4.19	33	51.97	41.49
1972	3	10	10	57	36	4.23	33	44.69	41.61
1974	3	24	7	36	34	4.29	33	47.09	41.04
1975	9	19	16	26	1	4.29	33	51.1	41.17
1978	9	16	18	21	34	4.29	33	47.58	38.58
1978	10	7	3	4	0	4.29	33	45.71	35.61
1981	9	2	20	30	34	4.29	33	44.33	36.33
1982	11	4	0	45	50	4.29	33	45.45	38.58
1982	11	21	1	43	39	4.29	33	48.13	40.32
1988	1	19	18	7	36	4.29	33	48.36	33.99
1988	7	22	16	31	27	4.29	33	44.48	38.9
1988	12	22	16	31	28	4.29	33	44.5	38.9
1989	9	28	1	38	25	4.29	33	51.92	40.47
1990	7	27	6	54	39	4.29	33	49.59	37.42
1990	8	2	17	12	48	4.29	33	48.17	38.68
1990	8	2	21	17	20	4.29	33	48.53	38.58
1990	12	20	20	35	22	4.29	33	47.29	33.87
1991	10	17	19	16	27	4.29	33	53.13	36.41
1992	12	8	5	34	26	4.29	33	45.42	40.26
1995	4	17	13	3	13	4.29	33	48.42	40.92
1995	9	4	12	10	20	4.29	33	51.24	39.82
2000	12	6	12	4	15	4.29	33	50.74	40.1
2001	6	17	11	22	15	4.29	33	45.81	39.04
2002	6	22	4	33	30	4.29	33	48.79	35.57
2002	6	24	13	21	23	4.29	33	48.57	35.83
2002	7	10	22	58	1	4.29	33	49.1	35.72
2002	7	25	21	40	23	4.29	33	44.38	35.63
2002	8	17	18	6	43	4.29	33	46.29	41.9
2002	10	16	5	49	16	4.29	33	51.03	41.74
2004	3	19	14	17	39	4.29	33	48.79	35.6
1978	7	31	16	37	14	4.39	33	52.92	40.37
1979	5	12	16	19	54	4.39	33	48.16	41.42
1980	7	6	22	53	58	4.39	33	48.69	34.3
1982	2	20	7	36	25	4.39	33	46.73	41.71
1982	2	25	3	56	20	4.39	33	48.94	41.95
1982	11	4	0	4	49	4.39	33	45.57	38.5
1984	3	18	16	57	18	4.39	33	49.35	37.75
1985	4	9	3	31	6	4.39	33	46.6	39.32
1986	9	10	19	32	25	4.39	33	49.07	36.11
1987	10	18	2	11	47	4.39	33	46.78	35.99
1988	11	12	21	0	53	4.39	33	52.51	35.45
1989	4	26	4	3	55	4.39	33	45.66	34.61
1990	7	1	22	21	32	4.39	33	49.91	37.12
1990	7	20	17	30	28	4.39	33	48.36	41.81
1991	11	25	14	24	58	4.39	33	52.92	40.48
1993	6	7	7	14	27	4.39	33	46.33	40.01
1994	5	3	20	20	26	4.39	33	46.72	34.2
1995	1	4	0	57	51	4.39	33	48.83	41.32
1999	6	18	2	20	17	4.39	33	46.72	34.05
2000	1	3	2	4	15	4.39	33	45.1	35.03
2000	10	27	18	57	33	4.39	33	44.65	36.36
2000	12	22	9	4	12	4.39	33	45.91	35.81
2002	9	2	16	34	23	4.39	33	48.62	35.75
2003	8	8	4	39	15	4.39	33	52.11	40.99
1963	5	28	10	32	47	4.49	33	49.8	35.4
1975	5	3	11	9	23	4.49	33	50.2	40.28
1975	8	6	9	22	0	4.49	33	48.25	40.53
1976	11	24	13	43	58	4.49	33	44.99	39.54
1976	11	26	22	37	59	4.49	33	44.25	38.99
1980	5	16	3	5	38	4.49	33	45.93	38.77
1981	4	7	15	15	23	4.49	33	44.51	35.56
1982	1	28	9	36	14	4.49	33	43.57	37.24
1982	4	21	16	57	58	4.49	33	44.03	36.09
1982	8	3	17	56	26	4.49	33	50.93	37.48
1985	1	14	22	4	56	4.49	33	53.63	39.92
1985	2	16	6	57	37	4.49	33	51.85	36.78
1985	12	29	0	55	26	4.49	33	44.48	38.72
1986	3	26	10	37	22	4.49	33	48.03	35.06
1986	6	9	5	49	29	4.49	33	48.65	38.98
1987	8	14	2	13	57	4.49	33	48.17	41.09
1987	11	7	1	35	33	4.49	33	49.88	40.29
1989	3	2	9	24	33	4.49	33	46.31	35.08
1989	9	16	5	58	54	4.49	33	51.79	40.28
1990	6	21	3	0	21	4.49	33	50.2	36.93
1990	6	23	0	38	1	4.49	33	49.92	37.26
1990	10	12	3	9	47	4.49	33	47.8	34.96
1991	11	12	20	36	4	4.49	33	45.06	38.97
1992	2	15	15	18	4	4.49	33	46.21	41.49
1993	5	12	9	41	19	4.49	33	52.03	36.78
1993	5	25	18	38	25	4.49	33	46.07	37.56
1993	7	29	7	39	35	4.49	33	44.87	36.81
1994	10	26	3	16	14	4.49	33	45.58	36.06
1995	6	17	7	47	59	4.49	33	46.26	34.63
2002	8	23	13	5	4	4.49	33	49.32	35.5
1970	5	15	5	40	1	4.58	33	44	41.1
1970	10	25	8	41	21	4.58	33	44	41.1
1964	7	13	2	19	26	4.59	33	44.5	41.6
1976	11	26	21	18	17	4.59	33	44.27	39.11
1976	11	28	11	13	24	4.59	33	44.06	39.08
1977	2	13	19	1	14	4.59	33	48.48	40.87
1979	1	29	22	45	53	4.59	33	52.02	40.02
1979	3	7	22	10	6	4.59	33	46.23	41.35
1979	12	30	10	56	7	4.59	33	42.64	38.45
1980	12	25	16	13	19	4.59	33	50.8	34.24
1982	1	8	13	14	24	4.59	33	49.26	41.18
1982	3	6	0	7	50	4.59	33	44.51	35.87
1982	10	31	9	13	38	4.59	33	51.1	41.15
1983	3	7	16	22	55	4.59	33	45.97	35.1
1983	8	3	3	6	2	4.59	33	44.69	38.91
1983	12	21	0	7	28	4.59	33	51.32	36.93
1984	8	2	5	52	53	4.59	33	44.33	40.22
1985	5	9	18	50	27	4.59	33	49.03	39.04
1985	11	2	9	34	16	4.59	33	49.48	37.83
1986	8	24	1	55	22	4.59	33	49.68	40.83
1986	12	17	0	49	22	4.59	33	43.71	35.99
1987	1	19	14	15	1	4.59	33	46.28	34.49
1987	5	23	13	31	51	4.59	33	46.54	34.07
1988	6	21	21	40	9	4.59	33	51.67	40.45
1990	6	23	16	51	35	4.59	33	49.9	37.11
1990	6	30	3	42	5	4.59	33	50.24	36.92
1991	8	23	19	9	40	4.59	33	49.48	36.67
1992	6	19	16	9	53	4.59	33	52.08	40.74
1995	5	15	0	21	54	4.59	33	49.33	38.56
1970	5	15	2	43	55	4.64	33	44	41.1
1965	4	17	11	44	26	4.69	33	47.4	34.3
1967	8	1	16	54	11	4.69	33	53.4	39.9
1969	12	6	2	48	58	4.69	33	49.5	42
1971	12	20	10	45	40	4.69	33	48.54	41.09
1976	11	24	13	12	28	4.69	33	43.61	39.16
1978	2	6	22	48	47	4.69	33	44.48	39.25
1979	3	18	5	19	53	4.69	33	52.65	36.34
1979	11	8	5	22	0	4.69	33	48.9	38.71
1980	8	25	16	32	38	4.69	33	48.39	33.79
1981	8	4	18	51	53	4.69	33	49.47	38.24
1981	8	5	0	13	51	4.69	33	49.7	38.5
1981	10	31	10	41	52	4.69	33	49.14	41.95
1982	7	5	15	54	24	4.69	33	50.98	34.74
1982	8	21	14	29	19	4.69	33	51.26	40.34
1983	3	11	21	26	16	4.69	33	46.06	34.3
1984	10	3	23	37	49	4.69	33	45.17	36.11
1985	9	3	14	20	39	4.69	33	48.02	41.51
1986	8	28	7	49	10	4.69	33	46.27	39.51
1988	10	16	23	35	24	4.69	33	44.76	38.01
1989	6	12	6	57	30	4.69	33	46.28	35.04
1989	9	16	17	32	19	4.69	33	51.82	40.35
1990	7	11	4	36	8	4.69	33	49.51	37.01
1990	8	6	11	24	51	4.69	33	49.58	37.15
1991	1	22	12	4	25	4.69	33	52.32	35.44
1991	5	29	15	15	21	4.69	33	53.24	36.23
2002	5	3	2	18	16	4.69	33	43.62	36.84
1953	6	11	17	27	30	4.70	33	47.8	39.7
1970	10	26	4	11	17	4.70	33	44	41.1
1970	5	16	6	36	23	4.76	33	44	41.1
1970	7	22	5	42	23	4.76	33	51	40.5
1965	10	29	15	59	42	4.79	33	48.7	37.9
1968	6	24	18	28	46	4.79	33	48.8	40.2
1975	8	2	16	28	10	4.79	33	50.34	40.31
1976	11	28	12	0	5	4.79	33	47.35	41.42
1977	11	21	12	32	27	4.79	33	49.99	41.59
1979	2	22	5	7	17	4.79	33	52.1	35.2
1980	9	15	3	57	43	4.79	33	48.9	33.85
1983	9	13	21	58	23	4.79	33	46.5	34.44
1984	3	25	2	44	58	4.79	33	45.28	38.25
1984	8	8	9	11	11	4.79	33	47.86	34.46
1984	10	28	22	3	59	4.79	33	45.29	37.03
1986	3	6	8	36	57	4.79	33	51.42	40.41
1987	10	22	3	5	41	4.79	33	49.56	40.1
1988	6	27	8	19	40	4.79	33	46.17	34.26
1988	7	22	3	42	31	4.79	33	46.63	34.1
1990	6	24	19	5	24	4.79	33	49.59	37
1990	7	28	5	46	52	4.79	33	51.8	40.7
1991	2	3	8	1	21	4.79	33	51.53	40.23
2000	7	14	12	58	52	4.79	33	47.17	41.97
1933	8	24	0	12	1	4.82	33	48.5	40.3
1936	10	8	16	32	51	4.82	33	46.6	41.6
1964	10	6	7	23	27	4.82	33	53.6	40
1965	12	9	19	28	53	4.82	33	44	37.5
1928	5	13	20	6	10	4.88	33	46.2	41.8
1969	10	21	3	55	27	4.88	33	46.6	41.2
1998	7	17	4	52	5	4.88	33	49.83	38.17
1935	4	11	23	59	19	4.89	33	53.21	36.48
1945	5	11	20	17	28	4.89	33	52.4	35.18
1977	2	4	20	47	25	4.89	33	44.1	38.99
1980	5	13	14	43	59	4.89	33	51.2	41.39
1985	7	3	23	30	41	4.89	33	45.94	41.21
1988	1	29	10	54	17	4.89	33	46.33	34.55
1989	9	16	2	27	58	4.89	33	51.64	40.26
1990	6	20	21	30	15	4.89	33	48.73	37.57
1990	7	13	13	4	11	4.89	33	50.11	36.8
2002	10	10	12	13	43	4.89	33	52.33	35.89
1930	5	7	5	42	30	4.94	33	44	37
1931	8	27	6	22	8	4.94	33	48.7	41.9
1935	9	5	22	38	38	4.94	33	47.8	41.2
1944	11	9	19	39	40	4.94	33	48.4	38
1948	12	4	19	52	11	4.94	33	47.1	40.8
1952	4	3	4	37	14	4.94	33	49.1	41.8
1969	8	19	0	10	45	4.94	33	49.9	38.9
1945	7	21	1	33	21	4.99	33	43.3	38.47
1981	10	9	1	36	13	4.99	33	45.19	36.62
1989	9	17	3	27	25	4.99	33	51.8	40.29
1930	5	7	4	58	40	5.00	33	44	37
1930	5	14	2	59	0	5.00	33	43.5	37.5
1931	5	8	9	6	3	5.00	33	46	39
1938	1	6	21	27	15	5.00	33	44	41.2
1948	7	4	23	24	23	5.00	33	49.2	42
1970	3	14	2	0	54	5.00	33	44.5	39.1
1971	8	10	22	52	33	5.00	33	47.75	38.42
1976	4	14	7	25	4	5.00	33	48.04	40.06
1977	2	20	5	56	23	5.00	33	53.21	36.4
1906	12	30	21	29	0	5.06	33	45.7	42
1914	11	1	21	53	26	5.06	33	45.4	38.4
1929	11	5	10	6	4	5.06	33	45.5	37.5
1930	5	9	8	0	0	5.06	33	45	37.5
1930	8	4	12	20	50	5.06	33	43.7	40.8
1932	8	10	17	0	0	5.06	33	46.3	38.3
1936	8	4	18	3	39	5.06	33	45.9	41.8
1938	7	13	19	55	40	5.06	33	45.2	41
1949	2	17	5	24	37	5.06	33	46	40.9
1945	7	29	8	56	49	5.09	33	43.3	38.47
1989	9	16	4	9	6	5.09	33	50.97	39.67
1992	12	20	10	37	19	5.09	33	43.95	35.93
1926	7	8	15	59	12	5.12	33	44	39.7
1930	5	8	23	36	22	5.12	33	44.78	37.56
1930	5	9	21	8	0	5.12	33	43.5	37.5
1931	7	25	7	39	23	5.12	33	49	41.5
1936	3	7	19	12	16	5.12	33	45.7	40.2
1937	10	2	14	15	46	5.12	33	48.3	41.1
1946	3	2	20	46	58	5.12	33	44.6	35.3
1948	4	26	7	24	13	5.12	33	44.6	35.3
1949	9	2	1	47	33	5.12	33	44.6	35.3
1950	11	25	17	18	39	5.12	33	44	37
1952	6	10	14	22	52	5.12	33	49.4	41.1
1953	10	8	18	18	33	5.12	33	48	40.4
1954	8	16	14	59	0	5.12	33	48.7	39
1955	1	9	4	31	30	5.12	33	43.9	38.5
1955	9	19	23	53	51	5.12	33	47.6	41.3
1967	6	13	23	9	52	5.12	33	45.3	41.96
1967	7	4	21	30	34	5.12	33	49	40
1928	3	28	11	57	42	5.17	33	46.7	40.5
1929	12	25	0	33	17	5.17	33	49.4	41.4
1930	5	9	1	43	0	5.17	33	44	37
1930	5	10	11	3	0	5.17	33	46	35
1930	5	21	13	50	51	5.17	33	44	37
1931	7	5	17	57	0	5.17	33	48.5	39.9
1932	6	27	5	20	48	5.17	33	43.9	41.2
1934	6	8	2	2	3	5.17	33	48.7	40.5
1935	11	22	9	21	22	5.17	33	46.8	40.8
1936	9	2	10	1	3	5.17	33	46.6	41.5
1937	3	7	19	10	56	5.17	33	45.4	38.77
1937	9	14	2	16	39	5.17	33	44.1	41.3
1938	11	14	12	6	39	5.17	33	43.5	40.4
1945	7	11	4	30	0	5.17	33	43.3	38.8
1946	3	5	4	45	7	5.17	33	49.3	39.6
1948	5	23	15	28	54	5.17	33	44	41.1
1950	1	28	15	30	59	5.17	33	49.1	41.9
1953	2	1	18	36	36	5.17	33	45.1	38.4
1953	9	2	1	9	40	5.17	33	47.4	41.1
1953	10	10	18	18	0	5.17	33	48	40.4
1954	1	3	7	51	8	5.17	33	49.6	40
1954	10	31	1	38	6	5.17	33	45.8	40.4
1954	12	17	11	24	46	5.17	33	47.1	41.2
1974	1	10	16	36	19	5.17	33	51.95	35.81
2000	3	15	12	26	43	5.17	33	45.79	34.36
1915	10	6	1	0	0	5.23	33	48	41
1930	5	10	21	43	33	5.23	33	44.92	38.24
1930	7	9	4	35	57	5.23	33	44.55	37.73
1930	8	21	6	55	29	5.23	33	45.02	38.4
1936	3	24	16	36	3	5.23	33	48.9	40.8
1937	12	18	20	22	0	5.23	33	48.5	41
1939	1	23	2	34	0	5.23	33	44.1	40.6
1953	9	16	11	15	29	5.23	33	47.4	41.1
1912	6	7	13	17	6	5.29	33	44.2	41.3
1930	5	8	5	29	32	5.29	33	45.37	38.25
1931	7	4	21	0	50	5.29	33	45.6	38
1931	12	24	23	0	10	5.29	33	44.55	38.65
1932	4	12	7	0	40	5.29	33	44.1	40.9
1936	9	2	11	57	0	5.29	33	46.6	41.5
1938	11	14	11	54	41	5.29	33	43.6	40.2
1940	3	17	9	8	51	5.29	33	43	38
1950	9	2	4	19	32	5.29	33	46.2	42
1951	3	12	15	45	36	5.29	33	48.5	39.3
1977	5	13	7	28	45	5.29	33	47.08	34.1
2003	3	16	9	27	19	5.29	33	44.16	36.83
1902	10	4	1	46	0	5.35	33	45.6	41.9
1902	12	2	0	47	0	5.35	33	48.7	40.7
1903	6	3	11	29	0	5.35	33	46.3	41.8
1903	7	8	4	43	0	5.35	33	44.5	41.4
1909	1	26	22	56	0	5.35	33	45.5	39.1
1909	2	6	22	57	0	5.35	33	44.8	41.7
1910	1	18	3	35	0	5.35	33	46.3	40.7
1910	1	25	1	54	0	5.35	33	44.5	40.2
1910	3	8	2	25	0	5.35	33	44.5	40.8
1910	4	10	18	21	0	5.35	33	46.1	40.8
1924	7	25	21	39	24	5.35	33	43	38
1926	9	27	6	43	12	5.35	33	48.8	42
1929	12	24	22	5	30	5.35	33	49.5	41
1930	5	7	13	47	48	5.35	33	45.5	37.5
1931	4	27	18	5	0	5.35	33	46	39.5
1932	9	12	23	37	37	5.35	33	50.5	39.5
1935	4	19	0	0	0	5.35	33	43.1	39.6
1937	1	20	20	48	0	5.35	33	44.3	41.2
1941	9	13	13	13	0	5.35	33	43	39.7
1941	9	14	0	0	0	5.35	33	43	39.7
1941	9	15	0	0	0	5.35	33	43	39.7
1949	5	8	9	0	0	5.35	33	44.6	37.3
1949	6	3	6	53	45	5.35	33	44.4	40.5
1952	9	8	9	7	40	5.35	33	48.6	41.7
1953	9	5	5	29	32	5.35	33	47.4	41.1
1906	2	20	20	54	0	5.41	33	48.5	41.3
1930	8	3	22	5	59	5.41	33	44.64	38.43
1930	10	25	23	34	25	5.41	33	45.1	37.9
1931	5	17	15	23	19	5.41	33	48.5	40.5
1936	5	2	20	57	30	5.41	33	43.5	39.8
1937	1	7	13	23	31	5.41	33	44.4	40.2
1946	10	3	15	37	39	5.41	33	44	39.5
1949	10	13	10	26	30	5.41	33	44.5	36.6
1949	10	30	7	42	36	5.41	33	49.2	41
1953	4	30	15	45	24	5.41	33	48.1	41
1960	12	25	11	24	42	5.41	33	47.5	39.5
1990	6	20	23	27	47	5.41	33	50.25	36.89
1904	4	28	15	25	0	5.47	33	48.6	40.6
1910	12	4	14	2	0	5.47	33	48.8	38.8
1916	11	14	13	54	0	5.47	33	44.3	40.9
1930	5	8	14	23	30	5.47	33	45.5	37.7
1945	1	15	5	30	1	5.47	33	43.5	38
1947	4	19	17	39	12	5.47	33	43.1	37.9
1902	10	3	23	5	0	5.53	33	45.6	41.9
1902	10	17	7	21	0	5.53	33	45.9	41.9
1903	7	9	13	21	0	5.53	33	44.5	41.4
1903	11	2	22	12	0	5.53	33	47.2	41.1
1913	4	16	6	0	0	5.53	33	48.5	38.7
1915	1	21	22	20	0	5.53	33	47	41
1915	4	1	5	41	42	5.53	33	44.5	40.5
1923	5	12	22	57	23	5.53	33	45	40.5
1924	9	27	4	27	36	5.53	33	43.9	39.5
1926	10	22	16	44	5	5.53	33	43.7	40.7
1930	5	23	9	48	23	5.53	33	45.18	38.09
1931	5	12	10	25	15	5.53	33	45.72	38.79
1938	9	6	13	28	19	5.53	33	50	41
1942	9	19	7	26	34	5.53	33	46.4	40.5
1953	1	22	5	53	47	5.53	33	45.1	41.8
1954	7	10	11	16	42	5.53	33	48.4	40.6
1915	2	28	12	47	24	5.59	33	43.1	37.7
1930	6	4	7	28	8	5.59	33	45.13	38.17
1936	9	2	13	12	20	5.59	33	46.6	41.6
1959	5	1	8	24	2	5.59	33	51.16	36.38
1990	6	20	23	10	41	5.59	33	49.7	37.57
1986	3	6	1	51	53	5.59	33	51.58	40.36
1919	1	8	10	12	53	5.65	33	47	40
1930	5	8	15	5	28	5.65	33	45.13	38.13
1930	5	6	7	3	22	5.69	33	44.75	38.15
1946	8	17	9	48	6	5.69	33	45.8	35.6
1904	7	5	21	54	0	5.71	33	49	41
1907	1	19	22	11	0	5.71	33	46.1	40.8
1930	5	29	17	14	59	5.71	33	44.71	38.06
1933	9	6	0	0	0	5.71	33	46.6	39.3
1933	11	6	7	7	16	5.71	33	46.6	39.3
1944	6	28	2	57	21	5.71	33	45	36
1946	8	17	23	37	40	5.71	33	46	35.5
1952	9	3	13	48	2	5.71	33	43	39
1913	1	27	19	38	32	5.76	33	43	39.3
1913	4	20	3	13	36	5.76	33	43.9	41.2
1936	5	1	10	24	44	5.76	33	43.1	39.6
1976	11	24	16	41	5	5.79	33	43.82	39.9
1930	5	8	15	35	28	6.00	33	45.07	38.41
1960	11	25	11	24	42	6.00	33	47.5	39.5
1902	2	13	9	39	6	6.19	33	48.71	40.72
1996	4	3	0	49	16	3.89	34	50.11	41.34
1996	12	9	6	56	8	3.99	34	50.68	40.94
1993	1	19	18	22	25	4.09	34	49.4	37.96
2001	1	29	16	25	7	4.19	34	49.61	39.33
1969	11	28	1	29	31	4.79	34	44.99	36.78
1977	9	15	15	19	45	4.89	34	43.9	39.13
1990	7	27	5	31	3	4.89	34	49.55	37.2
1968	6	19	15	3	36	5.12	34	44.1	41.31
2001	6	1	4	28	38	4.09	35	49.96	40.99
1990	10	2	20	19	36	4.29	35	50.01	36.84
2000	10	2	17	41	42	4.29	35	45.69	35.25
2001	8	13	2	5	25	4.39	35	45.4	35.23
1997	12	4	6	6	17	4.49	35	47.96	41.64
1965	8	27	4	23	25	4.59	35	49.49	40.39
1972	3	2	14	11	9	4.69	35	48.87	40.84
1976	6	21	12	5	5	4.69	35	43.65	39.88
1998	4	18	19	47	2	4.69	35	49.94	41.01
2002	4	25	17	41	27	4.89	35	44.86	41.77
1964	8	16	21	28	51	4.99	35	52.42	39.59
1962	3	31	23	36	45	5.12	35	47.94	34.07
1992	9	22	14	5	56	5.29	35	52.72	36.29
1959	7	31	10	28	6	5.29	35	49.38	38.86
1912	8	19	15	46	30	5.35	35	48.6	40
1996	12	20	17	2	28	3.99	36	44.61	41.61
1973	11	13	21	10	53	4.09	36	42.74	38.18
1966	5	27	17	16	42	4.19	36	52	40.4
1987	5	29	9	4	52	4.29	36	48.08	34.19
2003	10	4	9	11	0	4.39	36	49.73	40.37
1970	9	3	22	38	9	4.49	36	53.6	39.97
1990	7	8	5	11	14	4.49	36	50.06	36.69
1991	7	21	20	16	51	4.49	36	45.15	36.79
1990	7	17	4	2	9	4.69	36	49.99	37.13
1968	6	17	4	56	31	4.89	36	48.24	40.75
1968	8	2	3	59	27	4.89	36	49.33	36.85
1988	1	27	3	47	0	4.89	36	45.12	39.84
1902	2	21	0	0	0	5.76	36	48.8	41.8
2000	11	17	23	14	4	4.19	37	48.13	34.23
2000	12	1	14	8	27	4.19	37	50.03	40.27
2002	7	3	19	24	44	4.19	37	48.85	35.71
2004	5	28	13	15	7	4.26	37	51.59	36.44
1996	3	6	9	29	2	4.39	37	53.37	40.08
1996	8	25	14	17	9	4.39	37	53.02	36
1957	7	21	15	8	17	4.88	37	43	39
1957	7	21	15	8	33	4.94	37	46.05	39.14
1991	12	24	7	8	28	3.89	38	53.1	36.04
1996	3	29	16	8	9	3.99	38	47.65	40.61
1985	3	1	2	59	38	4.29	38	43.18	37.99
1967	6	23	13	15	8	4.59	38	49.6	35.5
1989	9	17	1	50	36	4.69	38	51.83	40.32
1966	6	6	5	3	21	4.89	38	53.02	40.3
1977	5	2	18	55	2	4.89	38	44.09	39.48
1986	8	18	9	49	16	5.09	38	44.37	35.85
1971	8	26	12	11	31	5.23	38	43.96	36.1
1981	7	21	4	45	4	5.40	38	53.26	39.51
1977	11	3	19	46	16	5.69	38	43.53	39.31
2000	10	21	13	6	2	2.91	39	47.61	34.49
2002	1	27	0	13	19	4.19	39	46.1	41.23
1967	6	17	9	56	10	4.59	39	45.26	41.75
1969	2	5	20	23	54	4.59	39	45.7	38.6
1971	3	31	21	50	12	4.59	39	50.41	34.7
1995	1	7	15	33	24	4.59	39	44.18	35.76
1986	11	5	1	15	36	4.69	39	48.99	38.96
1966	6	14	2	45	57	4.79	39	42.86	38.16
1972	6	14	0	49	54	4.89	39	51.87	40.15
1976	12	22	14	33	30	5.06	39	47.63	35.37
1958	8	14	11	27	5	5.82	39	47.78	34.27
2004	6	13	17	20	8	3.89	40	47.33	41.31
1973	6	27	22	24	48	4.19	40	46.7	38.39
1999	8	25	12	48	53	4.19	40	49.25	41.7
2000	11	26	15	25	45	4.19	40	50.15	40.13
2000	4	28	20	32	52	4.29	40	49.56	37.15
1983	8	11	13	44	15	4.49	40	44.2	39.02
1994	10	13	23	19	57	4.49	40	53.01	40.33
2001	5	20	20	29	29	4.49	40	49.84	40.32
2001	10	29	10	4	50	4.69	40	48.63	38.82
1964	2	8	6	28	27	4.79	40	51.04	37.1
1962	9	1	20	27	41	4.82	40	49.93	35.86
1982	1	20	8	25	44	4.89	40	47.83	40.24
1972	9	2	10	37	42	4.99	40	53.64	39.92
1997	3	5	16	58	41	4.99	40	49.48	40.93
1987	12	19	8	27	34	5.00	40	52.05	40.75
1914	11	4	19	51	0	5.12	40	47.5	40.3
1969	10	7	14	39	28	5.12	40	43.64	36.68
1958	10	26	12	40	36	5.59	40	44.49	37.37
1928	11	6	13	42	35	5.65	40	52.8	40
1903	7	5	0	0	0	5.71	40	48.7	41.8
1989	9	16	2	5	9	6.49	40	51.56	40.34
2000	12	29	2	14	3	3.89	41	46.52	41.78
2004	4	14	5	27	2	3.89	41	52.5	39.82
1997	8	2	11	42	17	4.09	41	48.18	40.75
1987	6	2	7	48	46	4.39	41	48.19	34.22
1997	2	28	20	55	14	4.39	41	47.92	38.09
2001	11	29	16	21	41	4.59	41	44.61	35.39
1973	10	26	13	11	50	4.69	41	48.29	40.84
1977	12	21	8	30	47	4.79	41	47.68	41.93
1979	11	21	15	36	5	4.79	41	47.23	38.19
1966	4	30	12	7	21	4.89	41	48.27	41.66
1976	12	12	7	54	20	4.99	41	44.26	39
1971	12	20	9	31	36	5.06	41	48.51	41.2
1998	7	30	13	15	49	3.99	42	49.22	37.55
1997	12	17	20	21	13	4.19	42	48.91	40.62
2002	12	23	12	15	3	4.29	42	46.62	41.61
1977	12	11	4	28	25	4.39	42	47.34	34.46
1983	7	23	8	5	51	4.59	42	49.35	37.01
1964	6	5	0	11	52	4.79	42	43.19	39.13
1986	5	11	7	50	7	4.79	42	45.27	36.95
1972	8	8	0	44	55	4.99	42	52.77	36.51
1927	1	13	18	27	0	5.29	42	46.4	40.2
2004	5	29	23	37	51	2.48	43	51.2	36.57
1998	1	20	0	46	59	4.09	43	52.2	36.39
1965	5	12	11	44	27	4.39	43	47.5	34.35
1984	4	2	21	59	32	4.59	43	42.88	37.62
1997	8	26	0	44	51	4.59	43	53.06	36.59
1976	11	24	14	11	19	4.69	43	43.65	39.63
1986	5	11	7	29	14	4.89	43	45.28	36.97
2000	2	26	0	43	49	4.94	43	44.52	37.36
1980	2	19	1	6	5	5.09	43	48.79	39.13
2001	4	20	21	47	52	3.59	44	44.34	39.25
1999	12	30	20	19	22	4.09	44	45.5	34.55
2000	9	7	7	32	33	4.09	44	45.08	38.47
1998	10	12	18	32	26	4.19	44	49.22	40.04
2001	7	13	12	22	6	4.19	44	48.97	40.72
1976	12	1	14	38	24	4.29	44	44.77	40.18
1977	5	30	11	20	42	4.39	44	45	39.28
1997	11	5	22	42	57	4.39	44	51.37	34.94
1968	9	16	7	10	7	4.59	44	46.3	39.3
2001	6	8	10	50	27	4.59	44	48.35	41.98
1994	11	21	18	55	18	4.69	44	51.91	36.05
1989	9	16	3	37	39	4.79	44	51.68	40.34
1980	12	18	14	31	33	4.89	44	44.35	35.76
2004	6	4	14	30	31	2.40	45	51.53	36.54
1995	7	6	16	45	11	4.29	45	49.4	38.6
1997	10	2	1	6	36	4.39	45	44.27	38.99
1986	3	11	8	18	24	4.59	45	51.5	40.33
2000	11	15	16	6	13	4.59	45	42.91	38.59
2001	7	1	16	11	31	4.69	45	51.7	40.29
1980	8	5	23	33	0	4.79	45	52.15	40
2000	9	27	3	44	2	4.79	45	49.65	41.07
2003	6	25	9	32	1	4.79	45	51.95	40.7
1958	1	16	2	4	29	4.89	45	52.55	36.13
1995	5	27	21	21	34	4.89	45	48.93	38.92
1971	10	15	17	8	8	4.99	45	48.56	41.32
1973	8	30	7	36	25	4.99	45	42.75	37.96
1976	4	24	19	13	38	4.99	45	50.98	41.47
1989	10	20	11	26	18	4.99	45	51.83	40.18
1963	1	31	17	6	5	5.12	45	49.83	41.03
1965	2	10	16	9	54	5.19	45	47.09	37.66
1989	9	17	9	39	7	5.29	45	51.64	40.25
1990	11	12	16	0	51	5.39	45	51.64	40.27
1932	3	15	10	18	1	5.65	45	47.9	33.79
1994	7	1	19	50	6	5.79	45	53.35	40.2
1994	7	1	10	12	43	6.09	45	53.35	40.18
1989	9	17	0	53	40	6.21	45	51.76	40.2
1996	4	19	2	3	41	3.79	46	46.34	35.28
2004	8	21	13	53	15	3.87	46	49.43	35.49
1999	7	16	12	22	5	3.89	46	45.27	37.09
1999	6	30	17	6	57	4.19	46	46.58	41.86
2002	12	27	2	19	2	4.19	46	50.2	40.02
1980	8	27	20	11	14	4.29	46	48.81	36.85
1996	9	4	20	39	53	4.39	46	46.27	35.26
1999	4	30	15	8	34	4.39	46	45.56	35.88
1984	8	14	23	3	55	4.49	46	45.27	36.24
1998	12	3	13	13	34	4.49	46	50.97	36.06
1976	12	1	15	41	17	4.59	46	44.22	39.9
1990	6	29	6	25	51	4.69	46	49.91	36.67
1982	7	1	20	21	27	4.79	46	47.74	34.59
1999	1	10	8	9	41	3.89	47	51.86	40.74
2003	3	10	1	15	34	3.89	47	46.62	41.31
2002	1	30	16	8	2	4.19	47	50.24	40.16
1993	11	12	13	49	26	4.39	47	52.05	41.2
1970	1	19	17	19	29	4.59	47	48.98	37.01
2001	1	3	11	5	42	4.79	47	52.85	39.37
1976	12	25	22	19	10	4.89	47	44.3	38.98
1991	7	22	14	13	18	4.89	47	52.06	40.66
1980	10	10	11	9	53	4.99	47	45.91	38.4
1978	8	10	19	50	26	5.09	47	47.92	34.2
1961	12	17	14	33	20	5.19	47	51	38.31
1964	11	9	8	5	49	5.19	47	48.46	39.82
1997	2	28	13	56	3	5.23	47	47.93	38.22
1950	8	7	10	56	30	5.35	47	45.69	41.44
1963	1	27	19	35	16	5.69	47	49.75	41.02
1998	1	30	19	44	40	4.19	48	50.63	37.07
2000	12	23	8	24	46	4.19	48	50.11	40.19
2002	1	5	3	8	16	4.19	48	50.4	41.02
1973	10	30	15	59	30	4.29	48	50.71	36.95
1999	3	21	5	18	24	4.39	48	53.06	40.19
1971	6	2	3	47	56	4.49	48	47.2	34.66
1972	3	1	9	59	22	4.58	48	46.06	41.8
2003	6	25	9	55	6	4.59	48	51.95	40.7
1973	6	13	10	5	26	4.69	48	49.52	38.46
1973	7	13	10	5	26	4.69	48	49.53	38.46
1993	10	15	22	37	19	4.79	48	48.18	40.83
1983	10	3	11	15	9	4.89	48	43.64	37.16
1985	12	11	9	11	31	4.89	48	45.6	35.81
1986	3	6	0	43	7	4.89	48	51.62	40.34
1997	5	7	16	16	47	5.20	48	51.64	40.3
1983	8	20	5	46	27	5.29	48	51.81	40.75
1986	5	1	3	31	19	5.29	48	51.68	40.23
1962	9	2	7	12	4	5.41	48	49.33	35.59
1959	8	13	0	33	13	5.59	48	48.51	39.85
2000	11	15	15	5	36	5.60	48	42.95	38.41
2000	12	14	15	45	38	3.79	49	44.7	41.56
1999	5	25	9	46	45	3.99	49	50.26	40.51
1996	7	27	11	52	59	4.09	49	48.57	36.22
2004	1	29	11	29	33	4.09	49	48.58	40.92
1976	11	28	0	26	43	4.39	49	44.48	39.18
1986	3	30	20	31	6	4.39	49	44.61	38.96
2000	11	13	5	55	8	4.39	49	44.54	35.36
1966	5	2	20	40	44	4.59	49	42.75	38.1
1989	5	8	23	28	29	4.69	49	44.73	34.93
1968	6	4	1	44	25	4.79	49	49.19	37.5
1983	4	11	14	32	58	4.99	49	52.96	40.23
2000	6	14	16	3	42	4.99	49	51.64	40.24
1979	10	1	7	37	3	5.19	49	51.87	40.05
1996	5	12	8	39	31	3.69	50	45.65	36.2
1959	3	2	21	30	25	4.19	50	48.91	40.29
1995	6	3	20	8	34	4.39	50	53.09	35.92
2000	11	26	2	32	57	4.39	50	50.09	40.13
2000	12	25	3	0	17	4.39	50	50.08	40.25
2000	12	31	12	9	35	4.39	50	44.49	41.47
2001	7	29	20	38	22	4.39	50	50.04	40.14
2000	11	26	4	0	26	4.49	50	49.95	40.22
1987	11	5	7	19	17	4.59	50	50.04	40.14
1996	2	27	2	0	59	4.59	50	52.1	39.45
1996	3	9	8	55	47	4.59	50	52.53	39.64
1997	8	25	2	48	7	4.59	50	44.1	39.23
2000	4	22	22	4	24	4.59	50	50.2	41.8
2000	11	25	18	49	15	4.59	50	50.09	40.07
2001	11	17	6	33	46	4.59	50	51.64	38.85
1979	9	4	7	14	3	4.69	50	43.85	39.9
1986	3	6	15	28	9	4.69	50	51.7	40.27
1984	9	9	17	55	1	4.79	50	49.28	35.53
1991	12	10	5	58	18	4.79	50	51.85	40.81
1971	5	15	4	53	7	4.89	50	49.04	37.96
1986	3	16	15	48	51	4.89	50	51.61	40.25
1989	9	22	23	30	46	4.89	50	51.77	40.31
1969	11	4	20	17	52	4.99	50	50.17	40.2
1986	3	6	12	52	32	4.99	50	51.59	40.36
1980	4	1	7	33	40	5.09	50	47.98	40.87
1989	10	22	15	12	13	5.09	50	51.61	40.28
1981	11	19	14	10	39	5.20	50	49.17	40.7
1970	11	21	8	35	59	5.29	50	48.33	40.05
1986	3	7	2	21	31	5.29	50	51.5	40.39
1989	8	24	18	55	25	5.29	50	49.11	41.65
1989	9	17	1	21	30	5.29	50	51.7	40.22
1989	9	22	20	21	10	5.29	50	51.62	40.29
1993	10	25	14	33	23	5.35	50	49.4	41.3
1986	6	11	20	15	44	5.39	50	51.68	40.24
2000	11	25	18	10	50	6.50	50	49.91	40.17
2000	11	25	18	9	13	6.80	50	49.93	40.2
2002	12	1	23	56	1	4.19	51	49.96	40.91
1996	1	17	6	26	39	4.29	51	48.98	40.31
1970	2	21	20	1	29	4.39	51	46.4	35
1976	12	6	4	6	4	4.49	51	44.41	39.04
1976	12	28	17	55	16	4.49	51	43.63	39.46
1985	2	5	22	19	11	4.69	51	49.1	39.66
1986	3	13	3	47	7	4.69	51	51.65	40.44
1971	1	28	15	51	7	4.89	51	47.01	34.91
1964	4	13	1	14	22	4.99	51	52	39.98
1991	9	22	2	8	20	4.99	51	51.88	39.73
1983	5	24	5	53	23	5.19	51	51.84	40.77
1950	5	1	8	15	2	5.29	51	45.21	38.88
1996	8	6	16	56	41	3.79	52	48.38	41.37
2000	2	19	23	36	27	3.89	52	52.03	41.7
1999	12	31	0	11	18	4.09	52	45.58	34.64
1973	10	3	8	10	39	4.19	52	47.69	34.08
1990	6	27	6	21	40	4.29	52	50.07	37.07
2002	11	17	9	52	39	4.29	52	50.18	41.54
1974	2	16	7	25	58	4.39	52	51.27	41.48
2002	3	5	6	54	26	4.49	52	45.24	38.33
1998	2	27	18	2	44	4.69	52	49.12	39.6
2000	3	8	1	45	55	4.69	52	51.94	40.67
1975	3	11	1	32	1	4.88	52	47.32	37.83
1970	1	7	18	23	37	4.89	52	50.13	40.21
1984	7	2	9	34	7	4.89	52	51.83	40.73
1986	6	11	12	41	9	5.29	52	51.65	40.26
2000	11	27	16	4	50	3.99	53	50.21	40.11
2001	1	21	17	10	27	3.99	53	50	40.63
1970	11	28	20	21	18	4.29	53	42.7	38
1975	7	12	22	11	41	4.29	53	43.86	39.28
1996	6	19	7	8	1	4.29	53	45.86	38.9
1986	6	26	18	55	20	4.59	53	51.57	40.34
1958	1	2	15	45	29	4.89	53	47.84	34.49
1968	6	11	6	9	27	4.89	53	42.85	38.15
1996	12	4	2	49	42	4.89	53	52.89	40.25
1962	12	2	22	21	31	5.41	53	50.06	35.53
2000	11	26	0	18	20	4.19	54	50.12	40.08
2001	4	29	16	34	9	4.19	54	48.48	40
1988	7	5	3	44	43	4.29	54	44.15	39.06
2002	6	24	21	30	45	4.39	54	48.91	35.71
1999	7	15	14	34	59	4.69	54	52.05	40.51
1976	11	25	5	46	17	4.79	54	44.1	39.3
1984	9	23	11	32	43	4.79	54	44.7	36.35
2002	10	27	9	29	33	4.09	55	45.95	34.75
2000	4	24	15	45	20	4.19	55	50.13	41.09
2000	11	26	14	16	56	4.29	55	50.06	40.1
1978	2	7	2	5	25	4.49	55	43.58	39
2000	11	26	6	36	38	4.49	55	50.13	40.08
2000	11	26	21	37	13	4.49	55	50.1	40.14
2002	1	23	3	2	55	4.49	55	52.23	40.3
1980	3	25	3	57	30	4.59	55	45.58	39.03
1986	3	12	20	45	19	4.59	55	51.56	40.27
2003	7	25	23	59	33	4.59	55	50.13	40.18
1999	9	4	20	45	52	4.69	55	50.84	40.15
2000	11	26	8	48	0	4.69	55	50.06	39.96
2000	11	30	5	9	55	4.69	55	50.08	40.1
2002	6	2	3	27	0	4.69	55	49.85	40.23
1979	8	27	16	9	52	4.79	55	49.15	37.92
2003	1	20	16	38	56	4.79	55	49.85	40.26
1974	3	8	8	48	18	4.88	55	44.13	38.76
1966	5	2	13	55	5	4.89	55	42.61	38.1
1972	4	18	23	22	40	4.89	55	51.36	39.93
1976	11	24	17	2	10	4.89	55	44.27	38.99
1986	3	8	10	26	50	4.89	55	51.55	40.33
1989	9	22	19	20	43	4.89	55	51.75	40.31
1995	5	13	7	20	45	4.89	55	50.6	40.72
2003	11	18	19	40	6	4.89	55	51.45	40.3
1985	10	16	21	22	44	4.99	55	50.71	40.63
1986	2	7	22	53	21	4.99	55	49.6	41.01
2002	2	11	16	18	35	5.00	55	50.16	40.04
1968	5	11	12	12	47	5.09	55	49.77	40.97
1968	10	5	15	12	52	5.09	55	49.49	41.66
1984	2	15	15	41	37	5.19	55	51.97	40.73
1986	3	23	14	26	6	5.19	55	51.62	40.27
1991	1	1	19	18	57	5.19	55	48.48	39.77
1994	6	30	9	55	13	5.19	55	50.52	40.89
2001	1	7	6	49	4	5.20	55	50.08	40.13
1995	10	29	6	27	23	5.50	55	51.84	39.55
1999	4	25	12	31	44	3.89	56	43.31	36.72
1998	10	11	7	22	25	3.99	56	42.72	38.95
2004	3	20	2	51	27	3.99	56	48.34	40.45
2000	12	16	0	33	52	4.09	56	44.47	35.32
1992	8	6	17	53	9	4.19	56	48.88	40.21
1998	8	29	1	17	34	4.19	56	52.74	40.29
2000	11	7	9	44	51	4.39	56	49.87	39.87
2000	8	17	19	34	46	4.49	56	51.77	40.83
1978	1	28	14	19	7	4.59	56	43.69	39.51
1998	7	9	16	23	36	4.59	56	48.62	38.74
1969	11	4	21	5	59	4.69	56	50.21	40.18
1968	8	30	5	32	19	4.79	56	48.04	41.01
1983	4	12	17	13	49	4.79	56	50.02	40.54
1983	5	12	16	43	11	4.79	56	52.46	39.52
1978	2	6	14	6	2	4.89	56	44.1	39.65
1963	10	9	4	36	45	5.17	56	43.11	39.83
1999	1	13	1	10	11	3.99	57	43.97	36.14
2000	11	26	1	41	34	3.99	57	50.13	40.06
1998	11	7	6	37	32	4.09	57	44.65	37.08
2003	6	18	14	39	48	4.09	57	49.15	40.25
1974	6	22	6	11	44	4.29	57	46.65	41.8
1996	7	25	20	45	55	4.39	57	49.47	37.38
2002	6	22	3	32	1	4.59	57	49.01	35.59
1969	5	14	0	44	35	4.69	57	44.6	38.9
1977	5	30	18	6	57	4.79	57	44.4	38.94
1985	11	28	23	26	30	4.79	57	45.73	35.9
1989	9	16	3	29	25	4.79	57	51.86	40.22
1989	10	8	14	13	29	4.79	57	50.19	37.19
1980	9	19	16	21	50	4.99	57	51.14	39.9
1958	8	14	15	26	27	5.69	57	47.92	34.46
1976	11	26	12	20	57	4.29	58	44.39	39.45
1976	12	6	3	58	6	4.59	58	44.48	39.13
1986	2	9	16	32	45	4.59	58	49.79	41.03
1993	9	8	19	54	41	4.69	58	52.31	40.38
2003	10	13	21	48	45	4.79	58	52.47	40.56
1958	8	16	17	9	20	4.82	58	48.01	34.29
2000	3	21	14	7	42	5.20	58	48.22	40.03
1976	2	3	16	40	42	5.39	58	48.32	39.9
1975	11	19	23	21	22	3.99	59	45.84	38.54
2001	5	28	8	57	1	3.99	59	46.06	35.75
1976	12	3	20	34	34	4.19	59	44.29	39.34
1975	10	6	18	7	23	4.49	59	48.25	38.1
1986	4	29	23	35	43	4.49	59	49.12	37.95
1970	10	29	8	49	32	4.69	59	45.47	38.43
1987	9	12	8	14	37	4.69	59	51.95	40.62
1984	9	30	15	33	21	4.79	59	49.16	37.92
1989	9	24	0	47	58	4.79	59	51.81	40.22
1971	2	11	1	41	30	5.12	59	47.12	38.35
2000	11	28	20	37	26	4.09	60	50.01	40.16
1998	1	9	14	16	3	4.19	60	48.92	40.4
2001	1	21	11	51	53	4.19	60	49.99	40
2001	7	29	1	36	21	4.29	60	47.19	40.57
1989	9	23	11	0	15	4.39	60	51.59	40.24
1984	12	27	2	7	58	4.49	60	45.06	34.79
1989	9	16	17	5	45	4.59	60	51.91	40.39
2002	2	11	21	19	57	4.69	60	50.15	40.03
1978	3	16	19	47	47	4.79	60	49.38	41.37
1970	10	20	7	16	43	4.82	60	44.51	41.57
1975	12	16	7	42	52	4.99	60	48.33	39.7
1991	2	14	21	56	2	4.99	60	46.21	34.26
1961	9	19	20	5	22	5.06	60	49.9	40.9
1996	1	12	4	33	38	5.06	60	46.18	40.41
1976	2	7	3	38	9	5.19	60	51.14	40.39
1961	9	18	11	1	7	5.99	60	50.11	40.99
1996	9	3	23	11	3	3.89	61	49.45	40.21
2002	4	27	18	46	19	3.99	61	49.25	41.92
2002	6	5	10	54	43	4.09	61	49.1	40.26
1984	7	27	1	31	27	4.59	61	49.76	40.48
1986	8	14	16	11	28	4.69	61	51.75	40.22
2003	2	21	23	0	31	3.69	62	46.56	34.48
1999	1	21	8	21	39	3.79	62	48.84	41.18
2000	11	25	0	26	1	3.89	62	48.19	39.18
2002	4	14	22	23	40	3.89	62	50.04	40.31
1975	7	18	23	45	2	4.29	62	45.71	38.98
1981	9	5	2	41	54	4.39	62	44.22	35.84
2003	8	19	5	0	19	4.39	62	50.75	41.53
1975	3	21	2	59	27	4.59	62	43.9	40.79
1959	11	13	9	20	56	4.69	62	47.64	34.65
1990	9	17	7	3	31	4.69	62	48.99	37.38
1985	2	11	9	26	47	4.89	62	50.69	34.47
1998	10	25	22	21	53	3.69	63	44.21	40.87
1975	9	20	6	8	33	4.29	63	49.29	40.21
2002	1	6	6	22	27	4.49	63	48.95	38.25
1981	4	7	20	16	46	4.69	63	50.61	40.36
1958	11	2	9	14	35	5.12	63	51.42	36.61
2000	12	24	16	30	22	3.69	64	50.06	40.17
2002	6	5	14	7	42	4.09	64	49.11	40.31
1976	12	5	19	15	0	4.39	64	44.29	39.2
1997	8	24	11	48	18	4.39	64	48.94	37.76
1980	5	14	21	38	49	4.49	64	49.16	38.37
1958	5	5	5	21	37	5.71	64	44.79	35.69
1997	2	13	0	47	38	4.09	65	48.8	38.69
1999	6	4	10	49	18	4.09	65	47.73	40.67
1976	12	11	0	3	5	4.19	65	44.63	39.17
2003	2	20	14	23	6	4.39	65	45.01	38.35
1969	5	27	1	3	33	4.49	65	43.4	38.69
1971	3	26	21	18	40	4.49	65	46.54	35.21
1973	1	6	15	39	35	4.49	65	46.67	37.95
1965	1	23	11	23	35	4.59	65	48.97	39.16
1970	6	26	1	56	16	4.69	65	45.1	38.7
2001	3	11	10	57	5	3.59	66	46.33	41.74
2000	10	28	12	56	15	4.29	66	50.52	40.22
1982	3	7	0	59	51	4.49	66	49.95	37.65
2003	5	8	15	2	28	4.49	66	48.64	41.36
1986	3	6	5	6	25	4.59	66	51.82	40.26
1986	11	20	11	5	26	4.59	66	45.35	34.84
1970	12	2	18	54	17	4.79	66	48.73	40.61
1980	12	29	21	53	7	4.79	66	44.98	38.55
1996	6	21	3	2	42	3.99	67	51.72	40.12
1999	3	9	9	42	4	4.29	67	44.93	39.13
1972	10	17	1	58	15	4.39	67	51.32	40.7
1979	11	23	19	43	33	4.69	67	49.08	38.7
1965	5	26	13	58	5	4.89	67	44.6	35.44
1952	7	11	5	35	12	5.00	67	48.42	40.69
1950	4	13	0	23	30	5.41	67	52.03	40.94
1997	10	3	21	55	7	3.79	68	48.59	40.68
2000	11	26	2	19	21	3.99	68	50.13	40.2
1995	8	18	4	24	37	4.29	68	48.69	41.56
1979	8	20	22	42	9	4.49	68	52.02	40.73
1965	5	15	18	43	10	4.69	68	48.32	40.45
1983	12	26	3	48	26	4.69	68	48.94	33.81
1983	5	9	2	6	24	4.99	68	44.43	35.34
1957	12	16	23	5	36	5.47	68	47.67	34.33
2002	11	13	22	29	40	3.99	69	47.49	34.41
1997	5	28	5	4	21	4.09	69	48.51	38.73
2003	6	5	17	14	5	4.39	69	45.05	38.56
1973	11	5	20	12	1	4.59	69	43.07	38.01
1971	11	12	16	37	17	4.76	69	50.45	40.69
1964	9	9	22	19	43	4.99	69	45.95	35.03
1958	1	15	13	15	39	5.12	69	51.32	39.94
1961	10	3	9	34	53	5.29	69	47.81	34.38
1992	6	12	13	25	27	4.19	70	49.94	36.59
2000	4	15	12	39	32	4.19	70	50.25	40.71
1993	3	10	10	43	3	4.39	70	51.42	40.52
1985	3	17	2	51	43	4.99	70	45.43	34.49
2000	11	25	18	47	47	3.99	71	49.93	40.25
1998	5	4	1	2	54	4.19	71	49.83	41.16
2003	10	24	20	47	26	4.49	71	50.19	40.79
1958	9	21	16	18	30	5.71	71	47.42	34.52
1970	12	23	17	31	30	4.19	72	48.68	38.71
1995	6	27	0	46	46	4.29	72	48.41	39.9
2000	11	29	10	45	3	4.49	72	50.09	39.97
1980	3	25	4	25	25	4.69	72	45.73	38.93
1995	8	17	18	9	58	4.09	73	48.9	38.98
1975	5	9	12	48	1	4.29	73	44.81	38.86
1958	9	10	3	49	45	4.69	73	48.01	34.33
1995	12	29	1	48	14	3.69	74	48.52	39.55
1997	4	1	7	33	32	3.69	74	48.91	37.87
2002	10	18	22	24	57	4.39	74	52.42	36.28
1991	10	21	11	58	22	4.69	74	46.77	41.82
1990	1	7	6	50	26	4.79	74	49.39	41.1
2000	6	9	16	10	59	3.99	75	49.63	41.87
1974	11	6	5	52	37	5.06	75	44.26	39.8
2003	5	2	8	9	59	3.99	76	49.25	37.56
1968	7	10	8	57	28	4.69	76	51.8	40.73
1980	10	18	13	20	35	4.89	76	52.18	40.78
1973	12	14	9	11	47	5.19	76	48.95	41.87
1975	8	8	2	12	5	3.89	77	47.32	35.1
2002	4	16	3	49	9	3.89	77	52.76	40.33
1997	10	9	18	28	59	3.99	77	48.31	41.25
1996	8	27	0	16	54	4.09	77	43.22	40.08
1967	10	4	4	52	32	4.69	77	43.8	40.1
1993	8	27	0	33	54	3.79	78	51.74	40.95
1996	12	14	0	26	35	4.09	78	48.41	40.72
1970	10	3	6	57	3	4.29	78	51.31	36.01
1994	12	19	15	0	3	4.69	78	47.86	41.3
1987	3	1	12	43	38	4.69	79	49.22	41.43
1981	7	23	14	7	17	4.79	79	45.44	37.27
1998	5	11	5	7	31	3.99	80	49.09	40.26
1935	1	6	21	24	58	5.29	80	46.2	39.5
1993	8	31	6	55	33	5.30	80	49.46	41.86
1916	5	14	12	11	0	5.53	80	47.2	40.2
1948	6	29	16	6	29	6.12	80	46.4	41.9
1951	6	5	3	34	59	5.17	81	48.33	36.18
1952	8	13	14	30	56	5.76	81	46.81	34.19
1997	7	8	6	11	21	4.09	83	48.65	40.76
1970	11	8	0	9	3	4.89	83	48.92	41.3
2000	10	24	20	47	47	3.99	84	52.06	40.53
2001	4	21	5	57	57	3.99	84	49.9	40.22
1966	3	16	10	38	34	4.59	84	46.17	34.29
1961	10	14	7	0	51	5.59	84	48.46	34.11
1932	3	15	7	44	39	5.76	84	44.68	40.61
1996	9	28	12	10	54	4.09	86	50.43	41.06
1998	8	23	8	17	57	4.39	86	50.65	41.46
1966	2	1	7	7	54	4.79	86	46.11	34.92
1967	10	27	8	5	16	5.19	86	46.18	34.34
1958	9	3	1	34	21	5.29	86	47.89	34.64
1958	8	19	15	54	58	5.47	86	48.18	34.19
2000	10	28	20	0	19	3.59	87	46.5	39.9
1996	5	28	22	18	32	4.09	87	48.89	37.62
1958	8	15	4	23	14	4.39	87	48.24	34.11
1965	12	12	3	31	52	4.39	87	46	34.9
2000	4	12	23	38	27	3.59	88	46.92	39.94
1965	2	13	0	57	8	4.82	88	45.74	38.23
2003	3	15	12	16	21	3.49	89	52.79	40.76
1998	12	19	7	12	34	4.29	89	51.93	40.26
1995	5	18	0	52	6	4.39	89	45.65	38.38
1935	4	12	0	11	14	5.65	89	53.1	36
1975	3	3	16	5	9	3.99	90	46.25	35.51
2000	11	27	9	41	9	3.89	92	50.22	40.16
1984	12	27	2	16	29	4.49	92	45.37	34.78
1997	7	15	13	58	42	4.09	93	48.81	40.57
1963	4	23	6	39	22	4.29	93	47.3	41.1
1982	12	17	6	51	38	4.69	93	49.62	40.8
2000	12	12	2	21	54	3.99	95	49.51	40.33
1962	8	2	14	1	54	4.82	98	50.11	40.54
1997	6	7	22	1	10	3.79	100	51.36	40.34
1998	12	3	21	7	18	4.09	100	51.11	36.3
1911	6	7	23	58	48	6.40	100	50.8	41
1962	9	2	13	21	35	5.12	105	49.64	36.03
1975	7	27	0	53	47	4.59	108	45.6	34.53
1967	7	14	11	46	43	4.79	108	46.3	35
1977	5	30	3	43	0	5.09	108	44.92	39.23
1985	4	20	20	48	33	4.19	110	46.36	35.78
1931	10	20	15	58	32	6.49	110	50.8	42
1959	3	8	14	49	0	5.19	111	52.78	36.49
1948	6	30	19	31	50	5.41	114	49.48	36.66
1940	10	18	12	26	19	5.76	128	43.75	38.57
1969	3	26	12	2	2	5.06	130	53.5	39
1967	2	16	11	55	32	4.69	144	51.9	35.4
1933	4	16	6	54	45	5.29	146	48.34	38.82
1964	10	13	6	57	57	4.69	147	46	34.7
1963	5	10	10	57	34	5.69	150	47.8	40.9
1978	1	5	4	29	3	4.79	168	47.42	41.65
1969	8	1	23	22	49	5.09	225	46.4	34.8
1960	3	19	14	54	26	5.23	298	43.17	40.21
