6.78	58.96	34.04	11.5	1968	8	31	10	47	39.0
6.71	57.81	37.73	0.0	1929	5	1	15	37	0.0
6.71	58.55	37.88	0.0	1948	10	5	20	12	0.0
6.71	59.76	34.06	7.1	1979	11	27	17	10	34.0
6.50	63.33	40.34	11.7	1984	3	19	20	28	39.0
6.36	57.31	37.73	15.0	1997	2	4	10	37	49.0
6.29	63.74	40.35	7.2	1976	4	8	2	40	25.0
6.08	59.77	36.94	0.0	1904	11	9	3	28	0.0
6.08	58.53	35.76	0.0	1940	5	4	21	1	0.0
6.08	58.20	34.05	8.1	1968	9	1	7	27	31.0
6.01	60.69	35.08	0.0	1918	3	24	23	14	0.0
6.01	57.21	37.63	0.0	1923	9	17	7	9	0.0
6.01	57.97	36.32	0.0	1939	11	8	17	21	0.0
5.94	60.20	34.70	0.0	1907	3	29	20	57	0.0
5.94	57.07	34.52	0.0	1933	10	5	13	29	0.0
5.80	57.34	38.36	0.0	1939	9	19	3	23	0.0
5.73	58.23	35.18	0.0	1903	9	25	1	20	0.0
5.73	57.88	37.18	0.0	1917	11	28	14	42	0.0
5.73	60.70	34.50	0.0	1950	9	24	22	56	38.0
5.73	63.64	40.41	10.6	1978	6	4	19	30	22.0
5.66	57.85	37.74	0.0	1907	4	17	8	36	0.0
5.66	59.11	35.19	0.0	1923	5	25	22	21	0.0
5.66	58.25	36.39	8.7	1984	7	6	4	8	4.0
5.66	57.38	38.14	15.0	2000	8	22	16	55	16.0
5.66	59.23	35.20	18.0	2010	7	30	13	50	12.0
5.52	59.40	36.60	11.0	1904	3	20	9	59	50.0
5.52	58.14	35.53	16.7	1971	5	26	2	41	46.0
5.52	56.82	35.11	9.0	1979	12	9	9	12	3.0
5.52	59.31	37.08	9.0	1985	8	16	10	46	50.0
5.45	59.50	37.00	10.0	1912	2	24	14	36	38.0
5.45	57.30	37.60	10.0	1918	2	5	0	0	0.0
5.45	58.10	34.60	0.0	1925	12	14	0	0	0.0
5.45	57.96	37.53	0.0	1948	6	18	18	44	0.0
5.45	58.19	38.10	0.0	1952	9	15	4	31	27.0
5.45	57.31	37.56	0.0	1954	11	1	21	9	58.0
5.45	59.05	37.72	18.0	1968	11	15	6	25	40.0
5.45	60.00	35.11	35.0	1975	12	1	16	46	54.0
5.45	61.22	35.70	9.0	1999	11	8	21	37	22.0
5.38	57.63	35.56	0.0	1931	8	8	8	54	2.0
5.38	57.82	37.06	9.0	1969	1	3	3	16	39.0
5.38	57.93	35.44	15.0	1972	12	1	11	39	3.0
5.38	56.98	35.69	20.0	1996	2	25	16	14	11.0
5.38	58.86	36.30	15.9	2012	1	19	12	35	51.0
5.31	61.49	34.59	0.0	1908	7	26	3	32	0.0
5.31	58.72	35.21	15.0	1962	10	5	20	2	27.0
5.31	56.48	37.35	3.8	1973	8	2	19	56	23.0
5.31	59.90	37.50	21.9	1992	11	27	21	9	18.0
5.31	58.61	35.10	20.0	1994	12	14	20	43	54.0
5.31	58.21	35.24	23.4	2000	2	2	22	58	2.0
5.31	59.86	34.56	17.2	2012	7	1	22	1	26.0
5.24	60.00	40.00	0.0	1919	7	14	14	22	0.0
5.24	57.96	36.23	33.0	1938	12	19	18	56	52.0
5.24	57.22	38.67	0.0	1963	9	18	15	41	58.0
5.24	60.76	35.41	15.0	2003	7	3	14	59	30.0
5.24	58.33	35.30	15.0	2015	5	5	21	28	31.0
5.17	59.43	36.52	33.0	1928	8	21	19	2	12.0
5.17	57.52	35.29	15.0	1965	2	26	1	37	7.0
5.17	62.80	38.20	33.0	1969	11	1	11	33	37.0
5.17	57.68	37.17	5.0	1987	4	10	6	43	21.0
5.17	63.15	40.23	11.1	1994	5	25	7	42	56.0
5.17	56.97	38.29	10.0	1994	10	21	11	46	26.0
5.11	58.00	39.50	0.0	1913	4	25	4	13	0.0
5.11	57.80	37.10	0.0	1925	12	10	5	59	30.0
5.11	62.50	36.80	0.0	1925	12	18	18	18	0.0
5.11	60.00	40.00	0.0	1931	8	7	10	49	45.0
5.11	57.50	36.50	0.0	1934	9	26	1	7	2.0
5.11	58.58	36.14	33.0	1939	8	28	21	35	33.0
5.11	57.70	36.50	12.0	1945	2	1	19	53	31.0
5.11	58.50	34.00	0.0	1955	6	18	20	21	4.0
5.11	57.10	35.45	16.0	1956	6	30	11	37	7.0
5.11	58.70	35.60	0.0	1958	1	22	0	0	0.0
5.11	59.52	34.37	0.0	1958	9	16	14	22	29.0
5.11	59.76	36.82	0.0	1963	8	17	21	58	50.0
5.11	57.00	39.30	33.0	1963	11	18	1	42	56.0
5.11	58.06	34.51	0.0	1964	2	21	1	3	56.0
5.11	59.51	37.24	18.2	1966	10	24	14	31	17.0
5.11	56.08	37.61	10.0	1970	8	30	16	17	30.0
5.11	56.26	38.00	15.0	1978	6	14	16	25	35.0
5.11	63.11	40.23	15.0	1987	11	20	16	4	6.0
5.11	63.11	40.26	20.0	1991	10	27	7	1	22.0
5.11	57.02	37.80	14.8	2010	8	11	17	26	19.0
5.04	59.00	37.20	0.0	1948	11	2	15	24	23.0
5.04	57.03	37.53	33.0	1949	12	17	1	13	18.0
5.04	57.97	37.00	0.0	1963	3	31	2	27	4.0
5.04	64.00	40.00	33.0	1967	3	21	7	59	50.0
5.04	59.91	34.20	2.0	1968	9	1	11	3	58.0
5.04	60.80	39.80	33.0	1969	8	17	20	38	40.0
5.04	59.49	36.97	12.7	1970	4	4	10	58	11.0
5.04	62.07	37.36	20.1	1972	4	11	6	0	2.0
5.04	56.37	37.54	3.0	1979	8	30	17	11	56.0
5.04	63.57	40.36	15.0	1983	2	23	14	13	35.0
5.04	57.56	37.26	15.0	1984	3	23	20	8	42.0
5.04	58.41	37.74	2.1	1987	7	5	7	43	1.0
5.04	56.27	37.07	13.0	1990	8	18	9	51	43.0
5.04	59.89	35.69	15.0	1995	11	9	5	10	31.0
5.04	56.23	38.54	14.5	2014	2	13	8	35	50.0
4.97	57.50	37.80	11.0	1931	11	22	0	0	0.0
4.97	56.47	34.61	33.0	1939	6	3	0	1	49.0
4.97	57.50	37.70	0.0	1940	7	19	4	53	26.0
4.97	57.00	37.00	13.0	1954	9	1	21	9	58.0
4.97	58.53	37.81	31.0	1966	11	26	13	49	30.0
4.97	56.16	37.75	33.0	1971	8	28	16	34	42.0
4.97	59.04	36.42	10.8	1977	8	17	16	28	42.0
4.97	57.51	38.31	15.0	1979	10	6	11	55	42.0
4.97	56.26	36.86	33.0	1980	7	23	10	52	33.0
4.97	61.61	40.95	15.0	1982	12	26	5	29	33.0
4.97	59.18	35.27	0.0	1983	10	31	17	12	27.0
4.97	57.31	34.43	33.0	1987	2	23	11	23	48.0
4.97	56.30	37.27	15.0	1988	3	11	7	38	38.0
4.97	63.16	40.20	12.9	1990	8	25	12	25	4.0
4.97	57.80	37.73	32.9	1993	2	18	4	15	3.0
4.97	61.21	35.78	15.0	2003	5	2	18	46	49.0
4.97	56.87	37.16	15.0	2003	12	22	19	13	4.0
4.97	58.51	35.51	46.0	2008	7	3	23	10	6.0
4.90	60.60	38.20	0.0	1924	1	1	15	17	0.0
4.90	60.05	35.21	33.0	1925	5	2	2	57	33.0
4.90	57.70	38.40	10.0	1929	5	13	6	32	1.0
4.90	59.35	34.92	33.0	1938	7	19	19	45	27.0
4.90	56.60	34.20	0.0	1939	6	30	0	1	43.0
4.90	58.10	35.80	0.0	1940	5	4	17	4	33.0
4.90	57.50	34.70	0.0	1940	5	5	6	1	30.0
4.90	58.75	35.22	33.0	1949	12	14	3	43	49.0
4.90	58.20	37.60	19.0	1954	10	25	13	19	27.0
4.90	58.30	34.60	33.0	1968	9	4	5	54	7.0
4.90	57.26	38.36	15.0	1970	11	12	13	10	2.0
4.90	57.14	34.61	13.3	1976	3	31	23	38	59.0
4.90	57.02	34.03	33.0	1978	9	16	22	7	6.0
4.90	57.48	34.19	15.0	1978	9	17	12	43	26.0
4.90	59.52	34.12	1.0	1979	1	17	7	52	39.0
4.90	56.60	37.22	15.0	1979	2	24	13	56	50.0
4.90	56.56	38.29	0.0	1985	5	9	14	8	32.0
4.90	57.31	38.97	33.0	1989	2	13	10	19	9.0
4.90	63.41	40.45	15.0	1989	5	30	23	15	49.0
4.90	57.14	34.22	33.0	1991	4	19	11	17	38.0
4.90	56.08	35.58	33.0	1992	1	25	13	20	8.0
4.90	56.58	38.42	11.3	1992	10	6	8	57	19.0
4.90	59.17	35.21	15.0	1993	5	9	17	42	7.0
4.90	58.40	35.65	20.0	1996	2	5	8	28	13.0
4.90	63.33	40.49	15.0	2003	11	12	19	24	17.0
4.90	57.33	34.74	15.0	2004	3	20	16	10	10.0
4.90	56.89	36.52	6.4	2011	7	26	4	4	10.0
4.83	59.50	36.00	7.0	1916	2	11	20	53	20.0
4.83	58.40	36.50	12.0	1917	11	28	17	43	0.0
4.83	57.50	38.30	11.0	1945	9	5	1	33	40.0
4.83	56.80	35.60	0.0	1951	6	17	18	46	24.0
4.83	58.85	36.30	16.0	1964	5	15	22	31	59.0
4.83	57.75	36.98	0.0	1971	7	14	4	38	3.0
4.83	58.40	35.60	33.0	1977	6	13	8	54	1.0
4.83	60.08	36.70	15.0	1977	8	9	21	43	0.0
4.83	59.38	34.04	15.0	1977	11	10	13	52	36.0
4.83	61.92	34.72	15.0	1978	5	17	16	8	49.0
4.83	61.60	40.99	33.0	1979	12	28	12	2	34.0
4.83	56.03	37.05	33.0	1980	1	11	17	42	46.0
4.83	61.68	40.92	10.0	1981	6	30	14	46	44.0
4.83	56.34	37.25	33.0	1982	1	11	21	24	2.0
4.83	62.39	34.40	33.0	1982	10	17	21	58	26.0
4.83	58.43	34.19	12.5	1984	4	20	11	40	53.0
4.83	56.91	38.33	15.0	1984	8	21	19	48	52.0
4.83	61.59	41.02	13.0	1984	11	14	12	55	34.0
4.83	56.64	37.51	15.0	1985	12	1	20	31	48.0
4.83	57.20	37.44	33.0	1987	9	16	16	6	3.0
4.83	63.65	40.31	10.0	1987	11	16	21	34	4.0
4.83	63.34	40.39	15.0	1989	12	28	14	29	28.0
4.83	56.26	37.81	10.0	1990	4	14	19	58	12.0
4.83	57.41	37.32	33.0	1991	4	1	3	40	17.0
4.83	58.70	37.13	15.0	1991	5	24	12	59	8.0
4.83	57.50	34.75	33.0	1991	12	14	5	53	5.0
4.83	56.46	37.53	15.0	1992	8	29	7	23	0.0
4.83	63.52	40.44	14.7	2002	3	27	20	4	47.0
4.83	57.60	37.64	15.0	2004	8	21	3	32	43.0
4.83	57.88	37.75	14.1	2006	9	16	10	42	52.0
4.76	58.40	38.70	0.0	1927	5	29	18	10	0.0
4.76	60.00	38.50	0.0	1928	5	1	15	58	18.0
4.76	60.00	37.50	33.0	1929	12	24	19	54	35.0
4.76	57.52	37.58	33.0	1947	7	13	14	51	30.0
4.76	57.00	37.00	0.0	1949	1	11	20	7	3.0
4.76	57.50	36.70	10.0	1949	8	28	22	17	39.0
4.76	58.60	35.30	0.0	1953	6	6	0	2	24.0
4.76	56.00	36.60	10.0	1955	8	22	12	19	5.0
4.76	58.40	37.30	15.0	1957	4	25	4	52	23.0
4.76	58.00	36.20	0.0	1959	3	8	0	20	0.0
4.76	59.50	35.50	0.0	1959	10	14	7	28	27.0
4.76	57.77	36.18	64.0	1960	9	21	12	58	56.0
4.76	58.93	35.44	0.0	1961	1	1	19	27	33.0
4.76	57.46	37.53	6.0	1961	9	17	5	30	6.0
4.76	60.50	34.00	0.0	1962	10	16	11	59	36.0
4.76	59.85	35.85	0.0	1963	3	1	3	19	59.0
4.76	58.60	35.90	0.0	1964	6	5	22	31	56.0
4.76	57.03	38.20	25.0	1964	12	6	5	54	35.0
4.76	57.03	37.93	33.0	1966	1	18	20	54	12.0
4.76	58.14	36.37	15.0	1977	8	16	4	56	53.0
4.76	59.90	37.14	35.1	1978	2	27	12	35	54.0
4.76	57.47	37.46	20.0	1979	3	8	22	40	35.0
4.76	60.43	35.70	33.0	1979	11	15	7	15	10.0
4.76	58.59	35.66	15.0	1980	10	31	4	6	50.0
4.76	61.74	40.89	33.0	1982	4	14	7	40	20.0
4.76	56.25	38.35	38.6	1983	4	22	23	7	45.0
4.76	61.62	40.92	10.0	1983	6	25	20	35	11.0
4.76	56.19	37.00	33.0	1986	12	26	17	39	39.0
4.76	63.22	40.31	15.0	1987	5	29	11	2	12.0
4.76	63.28	40.19	11.0	1988	6	25	18	20	45.0
4.76	57.78	37.24	33.0	1988	11	29	6	32	37.0
4.76	57.55	34.63	15.0	1989	12	16	20	55	36.0
4.76	63.09	34.04	178.7	1990	11	6	23	38	23.0
4.76	60.99	35.79	33.0	1991	2	4	23	37	13.0
4.76	63.32	40.49	15.0	1999	6	27	5	44	25.0
4.76	57.29	38.23	15.0	2003	10	5	5	2	41.0
4.76	57.30	37.70	33.0	2003	11	18	5	37	40.0
4.76	57.80	35.83	15.0	2004	12	12	11	20	7.0
4.76	57.65	34.31	18.0	2005	5	31	8	38	5.0
4.76	61.49	36.68	14.1	2009	6	14	10	32	49.0
4.76	58.61	35.15	15.3	2010	4	12	11	56	31.0
4.76	58.63	35.68	14.1	2011	5	24	20	30	7.0
4.69	57.04	40.22	0.0	1973	9	20	13	29	45.0
4.69	58.24	34.27	35.7	1974	2	16	6	7	49.0
4.69	58.38	37.85	0.0	1974	8	6	20	11	5.0
4.69	56.46	37.47	20.0	1976	1	7	21	35	8.0
4.69	57.07	34.01	40.3	1979	6	3	12	19	8.0
4.69	58.39	40.01	0.0	1980	3	20	7	20	36.0
4.69	57.18	37.27	33.0	1982	11	20	20	43	33.0
4.69	60.96	41.07	33.0	1987	1	16	17	24	36.0
4.69	58.56	36.60	10.0	1988	9	28	0	22	19.0
4.69	56.82	36.88	33.0	1989	3	2	0	24	17.0
4.69	58.37	34.72	38.0	1990	10	17	21	50	50.0
4.69	63.08	40.12	17.5	1991	6	25	12	23	52.0
4.69	59.04	35.32	33.0	1991	10	16	16	29	20.0
4.69	57.23	37.42	9.3	1992	9	9	19	27	34.0
4.69	58.63	36.55	12.0	1995	6	14	5	42	31.0
4.69	60.35	36.56	25.0	1997	8	9	17	5	27.0
4.69	56.89	35.73	15.0	1997	9	24	22	27	34.0
4.69	56.50	36.41	33.0	2000	6	4	7	32	27.0
4.69	56.15	37.11	30.0	2001	5	11	9	45	59.0
4.69	59.68	36.51	17.5	2001	5	20	13	27	6.0
4.69	63.16	40.24	15.0	2001	9	20	23	36	20.0
4.69	63.13	40.25	15.0	2002	8	26	11	21	54.0
4.69	57.16	34.76	44.3	2003	3	15	21	2	3.0
4.69	63.24	40.27	12.5	2004	5	8	3	24	13.0
4.69	58.70	36.74	15.0	2005	8	7	17	23	44.0
4.69	58.62	35.47	30.1	2006	12	19	8	57	15.0
4.69	56.90	37.30	18.0	2007	8	13	4	37	20.0
4.69	56.69	37.29	15.0	2010	4	19	3	31	15.0
4.69	58.08	35.22	26.1	2012	7	20	0	16	51.0
4.69	58.27	36.33	14.1	2014	1	28	16	16	30.0
4.69	56.31	37.67	37.6	2014	10	27	21	0	36.0
4.62	58.50	37.70	14.0	1927	3	25	18	14	0.0
4.62	59.00	35.50	0.0	1947	6	30	3	36	40.0
4.62	57.40	37.30	11.0	1952	6	24	7	46	0.0
4.62	56.80	37.30	0.0	1953	12	14	15	12	10.0
4.62	56.20	37.30	10.0	1958	6	26	10	56	18.0
4.62	57.23	34.90	88.0	1959	5	14	21	7	30.0
4.62	57.30	37.50	10.0	1960	3	7	11	43	33.0
4.62	59.14	36.83	2.0	1975	12	28	9	6	33.0
4.62	57.21	37.64	12.0	1976	2	11	1	36	56.0
4.62	61.75	37.05	33.0	1979	11	27	17	50	27.0
4.62	60.69	34.69	33.0	1979	11	27	20	54	35.0
4.62	59.37	36.91	0.0	1981	12	9	10	12	42.0
4.62	63.21	40.33	20.0	1982	7	3	23	17	45.0
4.62	59.19	36.28	21.8	1983	1	4	18	23	12.0
4.62	59.45	34.46	33.0	1983	5	6	19	13	46.0
4.62	62.19	40.37	33.0	1984	3	29	8	48	35.0
4.62	62.98	39.69	33.0	1986	4	18	12	39	45.0
4.62	59.16	35.25	33.0	1988	11	9	12	46	42.0
4.62	56.93	37.34	42.6	1990	4	10	20	18	52.0
4.62	63.73	40.47	33.0	1993	1	29	3	54	42.0
4.62	57.95	36.90	33.0	1993	8	4	19	46	9.0
4.62	56.66	37.96	10.0	1997	2	5	3	53	2.0
4.62	59.82	34.01	33.0	1998	6	15	0	17	52.0
4.62	61.01	35.23	10.9	2000	4	24	15	11	20.0
4.62	59.16	36.59	15.0	2004	2	25	4	16	32.0
4.62	56.04	38.72	45.0	2007	8	19	13	45	32.0
4.62	57.56	35.70	42.2	2010	2	19	11	25	48.0
4.62	57.45	37.13	14.1	2011	12	8	20	4	31.0
4.55	63.00	36.70	0.0	1927	7	11	16	12	0.0
4.55	58.50	37.00	0.0	1930	10	6	18	8	18.0
4.55	57.70	35.70	0.0	1947	9	26	12	0	0.0
4.55	61.00	37.70	0.0	1947	12	18	14	0	0.0
4.55	59.27	35.60	33.0	1971	4	25	1	30	52.0
4.55	59.67	37.15	33.0	1974	1	21	22	8	35.0
4.55	56.88	39.83	33.0	1977	2	25	6	25	50.0
4.55	58.56	36.92	10.0	1979	4	16	12	38	18.0
4.55	62.71	40.97	0.0	1980	7	29	3	54	31.0
4.55	56.56	34.25	33.0	1981	6	11	22	17	38.0
4.55	58.45	35.75	0.0	1981	9	19	21	3	23.0
4.55	60.05	36.05	33.0	1985	6	1	8	32	34.0
4.55	63.53	39.67	33.0	1985	8	14	2	29	15.0
4.55	57.14	36.10	33.0	1993	7	15	9	28	45.0
4.55	63.41	40.16	38.4	1993	12	31	3	30	31.0
4.55	57.45	40.56	33.0	1994	12	28	11	19	37.0
4.55	63.28	40.45	15.0	1997	4	12	6	36	13.0
4.55	57.47	36.79	15.0	1999	5	29	14	11	49.0
4.55	58.02	34.90	0.0	1999	8	3	2	23	10.0
4.55	59.95	35.07	22.0	2002	1	22	12	21	22.0
4.55	58.22	38.71	10.0	2002	11	11	12	25	48.0
4.55	63.44	40.43	16.6	2003	2	21	5	16	17.0
4.55	56.12	37.70	15.0	2004	11	1	20	20	4.0
4.55	56.58	34.91	46.1	2006	1	14	23	23	11.0
4.55	57.80	36.76	14.1	2008	10	16	6	39	41.0
4.55	58.15	38.05	15.0	2010	5	25	13	3	14.0
4.55	57.45	38.15	16.0	2013	2	28	11	6	2.0
4.55	58.44	36.79	14.1	2013	12	7	23	12	42.0
4.48	58.39	37.25	20.0	1974	6	29	14	11	50.0
4.48	56.11	37.48	33.0	1976	9	17	23	8	3.0
4.48	57.85	36.62	33.0	1977	8	16	4	58	37.0
4.48	57.81	37.32	33.0	1978	3	20	23	25	23.0
4.48	56.70	34.32	33.0	1978	9	18	3	26	10.0
4.48	60.49	34.45	33.0	1979	1	29	13	49	34.0
4.48	57.41	37.57	33.0	1979	10	26	10	51	50.0
4.48	60.76	35.30	33.0	1979	11	28	0	41	40.0
4.48	58.53	35.85	33.0	1988	1	24	21	25	38.0
4.48	60.25	38.32	33.0	1990	4	9	0	57	12.0
4.48	63.69	40.37	33.0	1994	7	24	5	47	10.0
4.48	56.57	34.47	250.0	1996	2	23	13	17	1.0
4.48	63.21	39.88	33.0	1997	8	7	13	25	44.0
4.48	63.24	40.19	15.0	1997	11	19	22	39	55.0
4.48	63.22	40.26	33.0	1998	9	16	22	48	17.0
4.48	59.09	36.23	12.8	1998	12	22	15	59	26.0
4.48	57.32	37.21	33.0	1999	4	24	9	22	38.0
4.48	56.63	37.19	15.0	1999	6	5	7	15	38.0
4.48	58.23	35.54	36.5	1999	6	25	5	17	17.0
4.48	59.76	36.49	8.1	2000	6	14	11	3	18.0
4.48	59.21	36.92	10.0	2001	12	18	23	18	19.0
4.48	56.31	37.07	15.0	2002	11	27	4	55	30.0
4.48	57.70	36.33	15.0	2004	12	17	20	8	7.0
4.48	56.50	38.19	14.1	2005	7	31	22	53	14.0
4.48	56.61	37.33	17.4	2007	4	20	7	58	31.0
4.48	62.42	35.78	15.0	2010	9	30	15	12	0.0
4.48	57.40	37.18	14.1	2011	4	3	17	32	28.0
4.48	58.00	35.24	18.0	2011	9	5	0	52	14.0
4.48	57.57	37.63	14.1	2011	12	26	1	49	13.0
4.41	57.20	38.50	0.0	1949	3	3	7	19	0.0
4.41	57.20	37.80	11.0	1949	9	5	19	19	0.0
4.41	58.00	38.30	11.0	1950	5	31	4	32	16.0
4.41	56.50	37.50	0.0	1950	6	4	9	0	0.0
4.41	57.00	36.00	0.0	1950	6	7	12	57	0.0
4.41	57.00	38.00	0.0	1950	7	16	12	16	0.0
4.41	56.00	37.00	0.0	1950	7	20	8	33	0.0
4.41	60.00	35.70	0.0	1950	9	25	4	18	0.0
4.41	62.00	35.00	0.0	1950	10	9	1	0	0.0
4.41	57.60	37.60	0.0	1951	5	11	1	19	58.0
4.41	57.70	36.70	0.0	1951	7	8	19	1	45.0
4.41	57.10	37.40	0.0	1951	7	25	23	9	36.0
4.41	57.50	38.90	0.0	1951	11	15	0	41	21.0
4.41	58.80	37.90	0.0	1952	5	26	5	7	48.0
4.41	57.80	37.20	0.0	1953	2	25	15	28	26.0
4.41	58.00	37.00	0.0	1953	6	25	21	22	18.0
4.41	57.50	36.00	0.0	1954	10	8	0	43	6.0
4.41	58.50	36.50	0.0	1954	12	27	0	37	2.0
4.41	58.80	37.10	0.0	1955	1	29	0	57	55.0
4.41	56.90	36.90	0.0	1956	3	26	23	46	50.0
4.41	57.20	37.20	0.0	1956	3	30	8	17	0.0
4.41	57.60	37.70	0.0	1956	4	18	7	0	0.0
4.41	56.40	37.00	0.0	1956	5	4	5	49	0.0
4.41	59.80	35.90	0.0	1956	5	5	7	53	0.0
4.41	56.60	35.70	0.0	1956	6	22	6	44	0.0
4.41	57.40	38.30	0.0	1956	7	21	16	50	8.0
4.41	57.40	37.90	0.0	1956	10	20	5	17	7.0
4.41	58.10	37.90	0.0	1956	11	3	17	40	15.0
4.41	58.30	38.20	0.0	1956	11	4	21	56	10.0
4.41	56.80	37.10	0.0	1957	8	24	21	50	0.0
4.41	58.00	38.25	0.0	1959	2	11	11	55	0.0
4.41	58.60	37.70	7.0	1961	7	18	1	29	21.0
4.41	56.57	37.29	46.0	1962	4	25	1	14	49.0
4.41	56.90	37.80	11.0	1962	4	26	7	17	0.0
4.41	58.50	37.90	10.0	1962	6	15	10	20	0.0
4.41	58.00	35.00	0.0	1963	6	9	7	45	45.0
4.41	64.00	39.50	33.0	1964	7	23	5	29	28.0
4.41	57.00	37.00	33.0	1965	2	20	18	18	26.0
4.41	56.00	36.00	0.0	1965	11	28	22	49	46.0
4.41	57.40	37.30	0.0	1965	12	23	3	51	53.0
4.41	58.00	38.90	33.0	1970	1	25	6	18	1.0
4.41	59.81	35.61	33.0	1971	4	6	21	56	19.0
4.41	57.10	35.08	37.0	1973	5	22	0	50	14.0
4.41	59.00	37.51	53.0	1976	7	16	13	43	17.0
4.41	58.64	36.32	37.3	1982	2	24	18	45	4.0
4.41	60.20	37.00	33.0	1988	9	4	7	32	10.0
4.41	63.43	40.47	33.0	1996	3	23	0	53	38.0
4.41	57.97	38.13	10.0	1997	2	4	14	46	56.0
4.41	56.81	37.15	10.0	1997	2	22	1	17	51.0
4.41	59.99	34.24	0.0	1997	5	20	7	0	3.0
4.41	59.51	34.19	33.0	1997	6	26	7	46	11.0
4.41	56.65	37.26	37.7	1997	9	18	3	50	5.0
4.41	59.29	35.41	33.0	1997	12	1	12	25	31.0
4.41	56.64	37.54	33.0	2001	11	2	23	23	28.0
4.41	59.45	37.45	10.0	2002	7	14	22	35	8.0
4.41	56.93	37.54	29.6	2003	9	15	18	15	49.0
4.41	56.35	37.01	15.0	2004	10	16	15	59	43.0
4.41	59.66	34.48	14.1	2005	7	1	4	31	6.0
4.41	56.60	37.51	14.7	2005	9	3	7	53	55.0
4.41	57.38	34.63	18.0	2006	7	27	14	12	24.0
4.41	57.50	37.80	15.0	2007	8	20	4	53	30.0
4.41	58.40	35.61	38.5	2009	2	6	15	7	2.0
4.41	58.45	34.73	40.9	2010	4	12	8	29	4.0
4.41	57.21	36.38	24.8	2010	9	1	19	28	3.0
4.41	58.02	34.90	40.7	2011	4	23	8	0	50.0
4.41	56.98	35.19	26.2	2011	7	3	17	59	12.0
4.41	56.55	37.23	14.1	2012	10	19	4	43	8.0
4.41	58.81	35.38	15.0	2013	7	15	11	55	39.0
4.41	56.09	36.92	17.6	2013	7	27	21	39	9.0
4.41	58.45	34.11	17.7	2013	10	28	10	32	34.0
4.41	57.40	36.44	14.1	2013	12	27	11	25	28.0
4.41	59.32	37.25	15.5	2014	4	6	12	38	10.0
4.41	56.98	37.36	18.0	2014	10	9	9	33	10.0
4.34	58.08	35.56	44.9	1981	7	18	10	58	40.0
4.34	58.51	36.19	36.6	1981	8	3	19	20	21.0
4.34	58.74	37.24	33.0	1995	9	22	12	56	23.0
4.34	63.77	35.00	0.0	1996	5	18	3	24	3.0
4.34	60.81	35.83	33.0	1996	5	24	6	2	3.0
4.34	57.93	36.43	0.0	1996	6	18	7	42	35.0
4.34	63.32	40.30	25.9	1996	12	29	18	3	44.0
4.34	58.73	36.73	33.0	1997	2	23	13	22	44.0
4.34	58.87	35.62	5.0	1997	10	13	22	53	9.0
4.34	57.65	34.63	33.0	1998	3	26	20	8	24.0
4.34	57.63	37.05	10.0	2001	3	9	1	16	54.0
4.34	56.12	38.77	33.0	2002	8	29	15	17	6.0
4.34	57.81	36.21	15.0	2003	11	14	0	0	47.0
4.34	57.54	38.15	15.0	2004	9	16	18	45	0.0
4.34	59.09	35.17	15.0	2007	6	24	23	2	41.0
4.34	59.52	37.06	17.7	2010	11	5	23	0	43.0
4.34	60.74	35.10	14.1	2013	1	12	22	12	11.0
4.34	57.18	37.31	24.8	2013	2	12	12	26	58.0
4.34	57.24	37.54	37.2	2013	5	10	15	55	9.0
4.34	56.52	35.62	15.0	2013	8	20	12	49	32.0
4.34	57.75	37.49	14.7	2013	9	25	14	43	52.0
4.34	59.40	36.73	18.0	2014	8	23	2	30	55.0
4.27	56.60	36.70	0.0	1961	1	15	11	46	25.0
4.27	56.60	36.70	0.0	1963	1	15	11	46	25.0
4.27	57.30	37.50	0.0	1963	9	24	12	32	49.0
4.27	56.80	37.60	0.0	1966	2	1	2	50	41.0
4.27	58.20	36.60	0.0	1966	11	30	23	28	27.0
4.27	58.00	38.90	33.0	1969	9	26	4	44	4.0
4.27	57.52	36.59	5.0	1973	1	19	5	49	33.0
4.27	57.50	36.41	33.0	1987	5	31	7	40	49.0
4.27	59.79	37.09	10.0	1989	5	30	16	51	34.0
4.27	57.59	38.36	33.0	1997	8	17	15	31	46.0
4.27	56.78	41.07	0.0	1998	2	23	11	42	51.0
4.27	56.43	36.64	56.4	1998	11	8	12	33	32.0
4.27	63.61	40.07	33.0	1999	3	14	17	52	29.0
4.27	58.25	37.11	33.0	2000	12	23	19	58	47.0
4.27	56.27	35.10	24.0	2001	5	11	2	0	23.0
4.27	63.30	40.92	10.0	2003	11	14	16	41	27.0
4.27	60.13	35.02	18.0	2007	12	6	17	3	12.0
4.27	57.05	36.84	14.2	2008	8	9	16	5	40.0
4.27	59.65	34.83	70.0	2008	12	24	19	49	3.0
4.27	59.93	34.18	18.0	2009	1	29	0	8	39.0
4.27	57.04	36.30	14.3	2010	3	19	15	3	52.0
4.27	56.12	36.86	6.7	2013	1	14	6	4	41.0
4.27	56.12	37.43	15.0	2013	10	5	12	39	5.0
4.27	56.05	36.93	26.9	2013	12	28	11	34	57.0
4.27	56.31	37.44	15.0	2014	4	21	2	35	59.0
4.20	57.00	37.40	0.0	1966	7	6	16	58	29.0
4.20	59.06	36.38	15.0	1976	5	1	16	30	48.0
4.20	63.48	40.44	3.0	1980	12	9	1	20	55.0
4.20	58.17	37.32	33.0	1982	8	9	14	22	24.0
4.20	57.09	36.13	33.0	1996	2	25	18	18	41.0
4.20	56.18	38.14	33.0	1999	3	14	20	32	13.0
4.20	57.14	36.18	15.0	2000	8	27	6	28	58.0
4.20	57.26	38.88	33.0	2001	9	3	13	49	2.0
4.20	63.82	40.31	10.0	2003	8	25	22	14	19.0
4.20	58.28	37.29	33.0	2004	1	12	16	18	47.0
4.20	57.13	38.17	15.0	2005	5	26	19	52	18.0
4.20	57.14	38.18	35.4	2008	10	24	5	14	17.0
4.20	57.89	36.45	14.1	2009	2	23	19	28	31.0
4.20	56.43	37.20	6.1	2009	4	7	6	0	32.0
4.20	58.41	37.79	48.0	2009	12	31	23	16	44.0
4.20	59.69	36.78	33.9	2010	1	2	22	13	11.0
4.20	57.45	34.95	16.2	2010	5	8	10	54	1.0
4.20	57.72	37.96	14.1	2010	8	8	9	39	2.0
4.20	57.01	34.23	14.4	2011	2	13	19	34	13.0
4.20	57.00	37.67	14.1	2011	6	17	19	55	39.0
4.20	59.16	37.27	16.0	2014	9	28	12	23	42.0
4.13	58.70	37.40	0.0	1963	7	21	11	37	6.0
4.13	58.20	37.80	0.0	1963	7	25	10	4	46.0
4.13	57.10	37.20	0.0	1963	7	31	17	50	49.0
4.13	56.20	37.20	0.0	1966	4	21	23	45	21.0
4.13	62.33	34.40	33.0	1997	1	7	22	28	24.0
4.13	57.62	37.10	33.0	1997	4	17	8	10	37.0
4.13	56.29	37.52	33.0	1997	5	1	19	12	9.0
4.13	57.05	36.69	33.0	1998	8	25	16	16	32.0
4.13	57.01	36.61	33.0	2002	12	20	8	37	55.0
4.13	56.49	36.56	15.0	2003	2	2	0	23	34.0
4.13	58.61	35.46	33.0	2003	7	28	16	7	13.0
4.13	57.13	37.03	0.0	2003	9	8	19	21	21.0
4.13	56.24	37.91	31.7	2007	5	5	4	52	15.0
4.13	60.15	34.70	6.5	2008	9	15	8	1	36.0
4.13	59.27	35.69	15.0	2008	12	20	7	30	14.0
4.13	56.73	38.00	42.9	2010	2	21	14	13	26.0
4.13	57.97	35.68	14.1	2011	2	9	23	34	37.0
4.13	56.40	34.94	15.0	2012	2	25	4	7	8.0
4.13	57.03	37.42	15.0	2012	4	16	4	22	21.0
4.13	56.61	34.00	14.1	2012	5	4	16	19	2.0
4.13	58.65	36.69	18.0	2014	3	8	3	9	15.0
4.06	58.00	36.80	0.0	1962	3	28	5	25	44.0
4.06	56.70	38.60	0.0	1962	5	2	11	57	20.0
4.06	56.30	37.90	0.0	1962	5	13	11	23	26.0
4.06	56.30	36.70	0.0	1962	8	3	13	40	29.0
4.06	56.20	37.30	0.0	1962	8	20	4	52	50.0
4.06	57.50	38.50	0.0	1962	8	22	10	35	10.0
4.06	58.40	37.10	0.0	1962	8	27	23	49	0.0
4.06	57.10	37.20	0.0	1962	10	3	8	30	38.0
4.06	58.10	38.60	0.0	1962	10	4	11	0	9.0
4.06	56.90	37.60	0.0	1962	10	14	3	14	4.0
4.06	56.80	36.50	10.0	1962	10	30	14	3	0.0
4.06	57.20	37.40	0.0	1962	12	19	15	9	43.0
4.06	58.00	37.60	0.0	1962	12	22	3	32	49.0
4.06	57.10	37.40	0.0	1963	2	12	16	48	56.0
4.06	57.50	37.60	0.0	1963	2	19	6	28	31.0
4.06	58.00	37.80	0.0	1963	3	14	12	20	2.0
4.06	57.50	37.00	0.0	1963	3	31	2	53	42.0
4.06	58.50	38.60	0.0	1963	4	2	17	6	30.0
4.06	57.80	38.20	0.0	1963	4	6	7	47	20.0
4.06	58.40	38.20	0.0	1963	4	26	9	55	18.0
4.06	58.40	37.60	0.0	1963	10	1	8	27	1.0
4.06	56.30	36.60	0.0	1963	12	13	16	52	23.0
4.06	56.80	37.90	0.0	1966	12	8	8	45	14.0
4.06	57.27	34.43	33.0	1978	9	16	23	12	33.0
4.06	63.33	40.51	10.0	1981	6	16	16	44	54.0
4.06	56.49	35.66	16.0	2001	6	4	21	27	32.0
4.06	57.84	35.56	15.0	2006	1	14	23	52	40.0
4.06	56.48	36.93	17.9	2006	10	6	18	27	31.0
4.06	60.71	34.71	15.0	2007	10	17	0	57	17.0
4.06	57.17	34.59	33.4	2008	12	5	8	9	53.0
4.06	58.80	35.06	14.1	2009	2	27	14	31	25.0
4.06	59.94	35.18	17.9	2009	9	22	20	25	33.0
4.06	57.72	36.41	15.0	2011	1	1	2	6	36.0
4.06	57.40	35.49	17.6	2011	3	1	6	32	23.0
4.06	57.27	36.96	14.1	2011	6	28	2	7	51.0
4.06	57.09	37.25	14.1	2011	11	7	5	50	45.0
4.06	56.04	38.14	33.8	2012	2	3	19	7	35.0
4.06	57.87	37.02	6.1	2012	8	25	6	32	17.0
4.06	56.94	35.17	15.5	2013	2	9	17	27	17.0
4.06	61.04	34.23	20.4	2013	5	23	23	12	20.0
4.06	59.78	34.00	17.9	2013	10	21	12	20	24.0
4.06	61.00	35.38	15.9	2014	2	2	1	20	55.0
4.06	56.27	36.65	14.1	2014	7	2	5	38	12.0
4.06	56.93	38.16	17.3	2014	7	16	22	8	21.0
4.06	57.67	35.65	17.3	2014	12	25	20	30	24.0
3.99	58.40	38.20	0.0	1963	9	13	14	32	25.0
3.99	63.65	38.01	33.0	2002	12	9	10	52	7.0
3.99	57.05	37.40	15.0	2005	12	20	0	11	12.0
3.99	56.57	37.47	14.2	2008	10	14	1	59	4.0
3.99	57.47	37.88	14.1	2009	9	11	20	52	59.0
3.99	59.25	35.96	18.0	2009	11	29	16	9	1.0
3.99	57.77	37.25	14.1	2010	1	30	13	50	4.0
3.99	59.28	35.51	14.1	2010	4	24	6	4	55.0
3.99	59.74	34.69	18.0	2010	5	5	12	52	33.0
3.99	57.13	38.06	7.2	2011	7	9	4	29	28.0
3.99	59.10	35.06	14.2	2011	10	1	6	25	47.0
3.99	58.19	36.45	19.2	2011	10	18	20	8	47.0
3.99	58.50	34.95	17.4	2012	7	4	0	6	5.0
3.99	58.49	35.61	18.0	2013	5	19	20	16	14.0
3.99	59.56	37.09	14.1	2013	8	9	2	25	5.0
3.99	58.44	36.84	34.7	2014	7	15	21	13	25.0
3.99	57.70	36.20	14.1	2014	8	30	22	55	12.0
3.99	57.47	37.28	14.1	2014	9	26	13	38	38.0
3.99	58.39	36.14	14.2	2014	10	4	2	41	16.0
3.99	56.02	37.03	18.0	2015	3	8	11	14	6.0
3.92	58.90	39.00	0.0	1963	8	28	13	43	20.0
3.92	63.44	40.33	33.0	1981	10	12	20	3	39.0
3.92	62.47	39.90	0.0	2002	7	5	10	9	11.0
3.92	63.98	38.54	13.6	2002	11	14	5	59	50.0
3.92	57.83	36.56	17.9	2006	9	22	15	40	51.0
3.92	59.44	36.91	18.0	2009	8	22	6	34	55.0
3.92	59.92	34.52	7.1	2009	8	26	8	49	21.0
3.92	56.09	37.06	17.7	2010	8	19	8	28	10.0
3.92	56.17	38.20	7.7	2010	10	18	8	5	10.0
3.92	58.34	37.71	14.1	2011	1	15	14	24	7.0
3.92	57.92	35.55	42.8	2011	11	14	6	54	37.0
3.92	57.90	36.21	15.0	2011	12	1	14	47	21.0
3.92	59.40	35.44	18.0	2012	1	1	14	44	3.0
3.92	57.06	34.14	14.1	2012	1	11	21	17	39.0
3.92	58.22	38.24	14.1	2012	9	22	12	27	16.0
3.92	57.43	37.86	6.1	2012	12	26	17	40	25.0
3.92	59.18	35.03	15.0	2014	1	30	21	18	55.0
3.92	58.68	35.94	16.1	2014	9	21	10	17	4.0
3.92	57.67	35.64	18.0	2015	4	23	17	44	19.0
3.85	58.20	36.00	0.0	1963	8	21	8	13	40.0
3.85	56.40	37.40	0.0	1963	9	15	4	36	32.0
3.85	57.49	37.38	2.0	2001	3	4	19	41	16.0
3.85	63.52	41.05	0.0	2002	10	10	8	50	30.0
3.85	56.03	34.58	15.0	2005	1	5	21	45	34.0
3.85	56.78	37.29	15.0	2005	2	5	22	20	38.0
3.85	56.55	38.50	14.1	2007	7	9	18	18	30.0
3.85	56.52	37.66	18.9	2007	10	1	3	7	8.0
3.85	57.60	37.18	26.4	2008	3	21	15	46	39.0
3.85	58.71	37.03	16.1	2008	9	16	10	48	32.0
3.85	56.86	34.82	31.3	2008	11	10	19	19	10.0
3.85	56.55	37.12	18.0	2009	1	13	3	45	1.0
3.85	58.85	36.90	18.0	2010	1	24	23	55	25.0
3.85	57.32	34.07	18.1	2010	3	8	22	57	12.0
3.85	60.32	34.74	14.1	2010	6	16	21	56	29.0
3.85	59.89	34.22	14.1	2011	10	18	21	57	35.0
3.85	56.61	34.11	14.1	2012	2	21	9	48	6.0
3.85	57.10	37.40	15.0	2012	3	10	15	54	28.0
3.85	56.29	34.96	17.9	2012	5	19	18	19	10.0
3.85	60.09	34.23	28.0	2013	9	21	7	53	47.0
3.85	59.77	35.33	42.4	2013	10	27	17	51	43.0
3.85	57.16	37.30	14.1	2014	1	1	11	1	27.0
3.85	56.95	35.08	14.1	2015	4	9	2	22	34.0
3.78	56.30	37.80	0.0	1963	6	11	10	50	2.0
3.78	56.00	37.30	0.0	1963	10	1	18	31	21.0
3.78	56.80	38.10	0.0	1963	10	18	1	17	23.0
3.78	57.10	37.10	0.0	1963	12	16	1	13	35.0
3.78	56.73	36.55	17.1	2008	8	25	21	35	27.0
3.78	57.42	37.21	17.1	2008	12	15	16	46	15.0
3.78	59.61	36.73	14.2	2009	6	19	23	18	57.0
3.78	56.88	37.48	27.9	2009	6	30	10	9	20.0
3.78	58.88	35.49	15.1	2009	7	30	1	34	5.0
3.78	57.53	37.82	0.0	2010	1	31	3	10	39.0
3.78	56.94	37.26	22.8	2010	2	20	5	21	54.0
3.78	59.19	35.16	14.8	2010	2	21	16	0	7.0
3.78	57.26	37.27	14.6	2010	11	16	16	32	23.0
3.78	56.97	38.25	7.6	2010	11	20	19	5	10.0
3.78	57.83	35.74	16.9	2010	12	2	12	38	58.0
3.78	57.02	38.34	6.1	2011	8	18	6	1	28.0
3.78	56.99	38.23	14.2	2012	12	23	8	58	30.0
3.78	59.40	34.14	15.6	2013	4	12	11	43	35.0
3.78	58.49	36.07	18.0	2013	5	29	10	52	22.0
3.78	60.09	34.77	18.0	2013	6	8	13	25	22.0
3.78	59.95	35.38	14.2	2013	6	26	12	16	6.0
3.78	58.33	36.82	14.2	2014	4	14	11	43	18.0
3.71	56.70	37.20	0.0	1962	12	29	12	19	30.0
3.71	57.90	36.40	0.0	1963	5	12	18	19	3.0
3.71	56.80	36.80	0.0	1963	5	22	10	44	29.0
3.71	56.40	37.30	0.0	1963	5	22	13	47	57.0
3.71	58.80	37.40	0.0	1963	6	10	13	38	36.0
3.71	57.00	38.80	0.0	1963	6	16	11	10	47.0
3.71	58.40	38.00	0.0	1963	6	19	17	51	8.0
3.71	57.90	39.40	0.0	1963	8	15	17	42	42.0
3.71	57.70	37.70	0.0	1963	8	16	7	24	55.0
3.71	57.80	37.00	0.0	1963	10	9	0	3	7.0
3.71	62.81	40.67	0.0	2002	12	2	22	29	54.0
3.71	59.12	35.25	15.0	2004	6	14	17	13	5.0
3.71	56.48	36.95	25.7	2007	1	28	11	11	25.0
3.71	57.52	34.54	17.6	2008	9	30	22	0	33.0
3.71	59.29	34.54	15.0	2009	4	9	22	56	38.0
3.71	58.51	34.76	15.0	2009	12	30	12	5	21.0
3.71	58.13	37.34	35.1	2010	8	9	11	57	32.0
3.71	59.05	34.04	18.0	2010	9	21	11	35	44.0
3.71	57.64	35.78	15.0	2011	1	20	22	3	22.0
3.71	56.34	37.15	14.4	2011	3	13	16	10	1.0
3.71	56.98	37.74	14.1	2011	5	11	20	53	23.0
3.71	58.21	36.30	14.9	2011	5	22	21	38	27.0
3.71	59.03	35.18	14.1	2011	11	27	7	32	59.0
3.71	57.40	37.18	14.1	2012	3	21	9	45	14.0
3.71	59.27	35.46	18.0	2012	8	10	21	40	26.0
3.71	57.25	38.07	14.1	2012	11	5	21	3	35.0
3.71	58.29	36.26	14.1	2012	11	8	5	50	27.0
3.71	56.93	38.40	14.1	2013	1	30	9	0	33.0
3.71	59.69	35.44	14.1	2013	9	12	0	22	27.0
3.71	58.65	35.01	43.9	2013	11	28	6	31	52.0
3.71	58.12	34.12	14.2	2014	1	17	17	13	15.0
3.71	56.47	34.19	14.3	2014	9	24	5	47	23.0
3.71	58.53	34.81	14.1	2015	3	11	22	22	42.0
3.71	58.08	34.98	16.3	2015	4	16	7	11	57.0
