Mag	Year	Month	Day	Hour	Min	Sec	Depth	Lon	Lat
7.59	1990	6	20	21	0	10	18.00	49.35	36.99
7.32	1780	1	8	1	1	1	10.00	46.25	38.15
7.32	1840	7	2	1	1	1	7.30	43.90	39.50
7.23	1024	11	24	1	1	1	10.00	46.30	38.10
7.23	1721	4	26	1	1	1	10.00	46.70	37.90
7.00	1976	11	24	1	1	1	9.00	44.03	39.08
6.86	1844	5	13	1	1	1	8.70	48.00	37.40
6.80	1988	12	7	7	41	26	7.00	44.12	40.92
6.80	2000	11	25	18	9	13	50.00	49.93	40.20
6.77	1640	12	31	13	1	1	12.90	46.10	37.90
6.67	1304	11	7	1	1	1	10.00	45.50	38.50
6.67	1879	3	22	1	1	1	13.60	47.90	37.80
6.67	1896	4	1	1	1	1	12.20	48.40	37.80
6.60	1980	5	4	18	35	19	20.00	49.02	38.05
6.50	2002	6	22	2	58	23	11.00	49.02	35.60
6.50	1986	3	6	0	5	39	31.00	51.59	40.34
6.49	1273	1	18	1	1	1	10.00	45.80	38.40
6.49	1989	9	16	2	5	9	40.00	51.56	40.34
6.49	1931	10	20	15	58	32	110.00	50.80	42.00
6.40	1931	4	27	1	1	1	33.60	46.09	39.48
6.40	2004	5	28	12	38	45	27.00	51.57	36.26
6.40	1911	6	7	23	58	48	100.00	50.80	41.00
6.39	1941	9	10	21	53	56	28.00	43.39	39.07
6.31	1786	10	1	1	1	1	10.00	45.60	38.30
6.29	1934	2	22	1	1	1	10.00	45.04	38.23
6.29	2012	8	11	1	1	1	15.00	46.87	38.55
6.29	2012	8	11	1	1	1	16.00	46.78	38.58
6.21	1883	5	3	1	1	1	6.80	47.20	37.90
6.21	1905	1	9	1	1	1	10.00	48.68	37.00
6.20	1980	12	19	1	16	54	12.00	50.65	34.47
6.20	1980	12	18	12	34	15	20.00	44.63	35.89
6.19	1902	2	13	9	39	6	33.00	48.71	40.72
6.12	1593	6	1	1	1	1	10.00	47.50	37.80
6.12	1863	12	30	1	1	1	8.80	48.60	38.20
6.12	1948	6	29	16	6	29	80.00	46.40	41.90
6.10	1997	2	28	1	1	1	12.00	48.07	38.11
6.09	1994	7	1	10	12	43	45.00	53.35	40.18
6.03	858	6	1	1	1	1	10.00	54.30	36.20
6.03	1930	5	8	1	1	1	33.00	45.07	38.41
6.00	1908	9	28	1	1	1	10.00	44.00	38.00
6.00	1960	11	25	1	1	1	33.00	47.50	39.50
6.00	1998	7	9	1	1	1	29.00	48.53	38.73
6.00	1961	6	9	9	36	52	30.00	50.54	40.80
6.00	1990	1	20	1	27	12	30.00	52.97	35.90
5.94	1717	3	12	1	1	1	10.00	46.30	38.10
5.94	1903	6	24	1	1	1	14.60	48.96	37.48
5.94	1981	7	23	1	1	1	15.00	45.20	37.08
5.88	1962	9	4	1	1	1	20.00	44.11	39.90
5.82	1934	10	29	1	1	1	10.00	47.80	39.90
5.82	1958	8	14	11	27	5	39.00	47.78	34.27
5.79	1983	7	22	2	41	1	41.30	49.18	36.95
5.79	1962	9	4	13	30	13	20.00	49.72	35.56
5.79	1978	5	26	13	43	38	25.00	46.54	41.97
5.79	1976	11	24	16	41	5	33.00	43.82	39.90
5.76	1903	2	9	1	1	1	10.00	47.65	36.58
5.76	1913	1	27	19	38	32	33.00	43.00	39.30
5.76	1913	4	20	3	13	36	33.00	43.90	41.20
5.76	1936	5	1	10	24	44	33.00	43.10	39.60
5.76	1902	2	21	0	0	0	36.00	48.80	41.80
5.76	1952	8	13	14	30	56	81.00	46.81	34.19
5.76	1932	3	15	7	44	39	84.00	44.68	40.61
5.76	1940	10	18	12	26	19	128.00	43.75	38.57
5.71	1621	5	21	1	1	1	10.00	47.70	37.40
5.71	1807	7	11	1	1	1	21.90	45.20	38.30
5.71	1933	9	6	1	1	1	33.00	46.60	39.30
5.71	1970	10	25	1	1	1	10.00	45.18	36.75
5.71	1956	4	12	22	34	49	30.00	50.26	37.33
5.71	1904	7	5	21	54	0	33.00	49.00	41.00
5.71	1907	1	19	22	11	0	33.00	46.10	40.80
5.71	1944	6	28	2	57	21	33.00	45.00	36.00
5.71	1946	8	17	23	37	40	33.00	46.00	35.50
5.71	1952	9	3	13	48	2	33.00	43.00	39.00
5.71	1903	7	5	0	0	0	40.00	48.70	41.80
5.71	1958	5	5	5	21	37	64.00	44.79	35.69
5.69	1963	5	10	10	57	34	150.00	47.80	40.90
5.65	1900	2	23	1	1	1	13.20	44.87	38.45
5.65	1919	1	8	1	1	1	33.00	47.00	40.00
5.65	1952	5	20	0	0	0	12.00	53.40	36.60
5.65	1982	10	25	16	54	50	15.00	52.31	35.11
5.65	1935	4	12	0	33	39	17.00	52.80	36.00
5.65	1993	1	15	12	15	1	20.00	43.71	36.70
5.65	1966	4	20	16	42	6	27.00	48.15	41.70
5.65	1948	8	30	0	0	0	31.00	48.00	41.90
5.65	1928	11	6	13	42	35	40.00	52.80	40.00
5.65	1932	3	15	10	18	1	45.00	47.90	33.79
5.60	1980	7	22	5	17	8	25.00	50.26	37.32
5.60	2000	11	15	15	5	36	48.00	42.95	38.41
5.59	1956	2	10	1	1	1	40.00	44.49	37.37
5.59	1958	10	26	1	1	1	40.00	44.49	37.37
5.59	1959	8	13	1	1	1	48.00	48.51	39.85
5.59	2012	10	7	11	42	47	17.40	48.44	40.75
5.59	1956	3	21	4	56	50	8.00	48.39	40.92
5.59	1999	6	4	9	12	48	14.00	47.48	40.77
5.59	1916	6	2	0	0	0	15.00	52.30	40.50
5.59	1960	4	2	22	36	0	15.00	48.19	34.29
5.59	1942	4	3	0	0	0	18.00	53.40	39.80
5.59	1983	3	26	4	7	19	20.00	52.24	35.99
5.59	1915	2	28	12	47	24	33.00	43.10	37.70
5.59	1936	9	2	13	12	20	33.00	46.60	41.60
5.59	1959	5	1	8	24	2	33.00	51.16	36.38
5.59	1961	10	14	7	0	51	84.00	48.46	34.11
5.53	1913	4	16	1	1	1	33.00	48.50	38.70
5.53	1931	5	12	1	1	1	33.00	45.72	38.79
5.53	1960	3	20	1	1	1	10.00	46.00	38.25
5.53	1971	12	20	1	41	2	6.00	48.42	41.15
5.53	1924	10	9	5	41	0	18.00	48.60	40.90
5.53	1902	2	16	18	11	0	32.00	47.40	40.20
5.53	1902	10	3	23	5	0	33.00	45.60	41.90
5.53	1903	7	9	13	21	0	33.00	44.50	41.40
5.53	1903	11	2	22	12	0	33.00	47.20	41.10
5.53	1915	1	21	22	20	0	33.00	47.00	41.00
5.53	1915	4	1	5	41	42	33.00	44.50	40.50
5.53	1923	5	12	22	57	23	33.00	45.00	40.50
5.53	1924	9	27	4	27	36	33.00	43.90	39.50
5.53	1926	10	22	16	44	5	33.00	43.70	40.70
5.53	1938	9	6	13	28	19	33.00	50.00	41.00
5.53	1942	9	19	7	26	34	33.00	46.40	40.50
5.53	1953	1	22	5	53	47	33.00	45.10	41.80
5.53	1954	7	10	11	16	42	33.00	48.40	40.60
5.53	1916	5	14	12	11	0	80.00	47.20	40.20
5.50	1988	4	20	1	1	1	15.00	44.12	39.07
5.50	1991	7	24	1	1	1	26.00	44.05	36.60
5.50	1988	6	25	16	15	35	15.00	43.08	38.46
5.50	1995	10	29	6	27	23	55.00	51.84	39.55
5.49	1968	4	29	1	1	1	10.00	44.19	39.23
5.49	1986	1	27	1	1	1	25.00	48.71	38.92
5.49	2000	1	26	23	0	21	30.00	52.88	39.95
5.47	1910	12	4	1	1	1	33.00	48.80	38.80
5.47	1940	7	11	1	1	1	18.00	47.60	39.50
5.47	1954	10	30	23	43	29	6.00	45.93	40.26
5.47	1904	4	28	15	25	0	33.00	48.60	40.60
5.47	1916	11	14	13	54	0	33.00	44.30	40.90
5.47	1930	5	8	14	23	30	33.00	45.50	37.70
5.47	1945	1	15	5	30	1	33.00	43.50	38.00
5.47	1947	4	19	17	39	12	33.00	43.10	37.90
5.41	1911	6	23	1	1	1	11.00	48.00	40.00
5.41	1913	11	12	1	1	1	25.00	45.80	38.80
5.41	1924	2	19	1	1	1	30.00	48.60	39.40
5.41	1928	3	24	1	1	1	18.00	48.17	38.14
5.41	1946	10	3	1	1	1	33.00	44.00	39.50
5.41	1949	10	13	1	1	1	33.00	44.50	36.60
5.41	1959	5	31	1	1	1	10.00	48.94	37.67
5.41	1960	3	20	1	1	1	10.00	44.00	39.00
5.41	1958	6	25	1	14	2	4.00	52.80	36.27
5.41	1951	1	16	17	53	52	5.00	49.60	39.31
5.41	1984	12	3	7	38	9	10.00	43.10	37.96
5.41	1940	9	25	19	31	22	14.00	52.04	36.50
5.41	1913	3	25	14	4	0	20.00	48.20	41.80
5.41	1906	2	20	20	54	0	33.00	48.50	41.30
5.41	1931	5	17	15	23	19	33.00	48.50	40.50
5.41	1937	1	7	13	23	31	33.00	44.40	40.20
5.41	1949	10	30	7	42	36	33.00	49.20	41.00
5.41	1953	4	30	15	45	24	33.00	48.10	41.00
5.41	1950	4	13	0	23	30	67.00	52.03	40.94
5.41	1948	6	30	19	31	50	114.00	49.48	36.66
5.40	1996	1	3	1	1	1	30.00	48.73	38.95
5.40	2008	5	27	1	1	1	14.00	48.76	36.59
5.40	2002	4	24	19	48	7	25.00	47.40	34.60
5.40	1981	7	21	4	45	4	38.00	53.26	39.51
5.39	1550	6	1	1	1	1	10.00	46.00	37.80
5.39	1970	3	14	1	1	1	15.00	44.77	38.59
5.39	1976	2	3	1	1	1	58.00	48.32	39.90
5.39	1981	11	29	23	37	30	10.00	48.16	40.89
5.39	1963	4	16	18	47	4	15.00	44.32	35.79
5.39	1981	12	28	14	49	40	15.00	45.92	35.01
5.39	1970	7	11	22	41	12	20.00	49.03	37.54
5.39	1968	4	26	2	58	24	22.00	50.16	35.06
5.39	1982	5	3	4	10	4	25.00	46.16	41.19
5.39	1971	8	9	2	54	38	30.00	52.76	36.20
5.35	1953	9	2	0	36	1	5.00	47.40	41.10
5.35	1952	5	13	22	29	59	13.00	48.59	40.71
5.35	1924	9	27	10	12	0	16.00	53.00	37.00
5.35	1908	4	29	0	0	0	25.00	48.50	40.30
5.35	1916	6	28	17	58	35	25.00	48.50	41.00
5.35	1938	12	12	12	23	50	30.00	46.60	40.60
5.35	1909	1	26	22	56	0	33.00	45.50	39.10
5.35	1909	2	6	22	57	0	33.00	44.80	41.70
5.35	1910	1	18	3	35	0	33.00	46.30	40.70
5.35	1910	1	25	1	54	0	33.00	44.50	40.20
5.35	1910	3	8	2	25	0	33.00	44.50	40.80
5.35	1924	7	25	21	39	24	33.00	43.00	38.00
5.35	1926	9	27	6	43	12	33.00	48.80	42.00
5.35	1929	12	24	22	5	30	33.00	49.50	41.00
5.35	1932	9	12	23	37	37	33.00	50.50	39.50
5.35	1935	4	19	0	0	0	33.00	43.10	39.60
5.35	1937	1	20	20	48	0	33.00	44.30	41.20
5.35	1941	9	13	13	13	0	33.00	43.00	39.70
5.35	1949	5	8	9	0	0	33.00	44.60	37.30
5.35	1949	6	3	6	53	45	33.00	44.40	40.50
5.35	1952	9	8	9	7	40	33.00	48.60	41.70
5.35	1912	8	19	15	46	30	35.00	48.60	40.00
5.35	1950	8	7	10	56	30	47.00	45.69	41.44
5.35	1993	10	25	14	33	23	50.00	49.40	41.30
5.30	1988	8	22	21	23	38	22.00	52.34	35.32
5.30	1997	11	27	17	34	30	24.00	45.38	41.84
5.30	1987	5	29	6	27	51	25.00	48.29	34.06
5.30	1993	8	31	6	55	33	80.00	49.46	41.86
5.29	1984	8	24	1	1	1	10.00	45.95	38.50
5.29	1957	5	6	14	19	50	12.00	51.80	37.20
5.29	1964	11	3	17	36	6	15.00	50.18	35.52
5.29	1961	12	3	18	31	56	15.00	44.11	41.07
5.29	1924	9	23	2	22	0	17.00	46.50	40.30
5.29	1902	9	5	4	33	0	20.00	48.00	39.50
5.29	1954	10	22	22	47	34	26.00	45.78	38.78
5.29	1912	6	7	13	17	6	33.00	44.20	41.30
5.29	1931	12	24	23	0	10	33.00	44.55	38.65
5.29	1932	4	12	7	0	40	33.00	44.10	40.90
5.29	1938	11	14	11	54	41	33.00	43.60	40.20
5.29	1940	3	17	9	8	51	33.00	43.00	38.00
5.29	1950	9	2	4	19	32	33.00	46.20	42.00
5.29	1951	3	12	15	45	36	33.00	48.50	39.30
5.29	1977	5	13	7	28	45	33.00	47.08	34.10
5.29	2003	3	16	9	27	19	33.00	44.16	36.83
5.29	1992	9	22	14	5	56	35.00	52.72	36.29
5.29	1959	7	31	10	28	6	35.00	49.38	38.86
5.29	1927	1	13	18	27	0	42.00	46.40	40.20
5.29	1983	8	20	5	46	27	48.00	51.81	40.75
5.29	1970	11	21	8	35	59	50.00	48.33	40.05
5.29	1989	8	24	18	55	25	50.00	49.11	41.65
5.29	1950	5	1	8	15	2	51.00	45.21	38.88
5.29	1961	10	3	9	34	53	69.00	47.81	34.38
5.29	1935	1	6	21	24	58	80.00	46.20	39.50
5.29	1933	4	16	6	54	45	146.00	48.34	38.82
5.23	1994	3	4	23	8	13	11.00	45.27	41.75
5.23	1916	10	11	5	57	0	19.00	46.40	40.10
5.23	1916	10	28	20	48	0	20.00	44.10	40.10
5.23	1924	5	31	11	33	1	28.00	47.50	40.50
5.23	1915	10	6	1	0	0	33.00	48.00	41.00
5.23	1936	3	24	16	36	3	33.00	48.90	40.80
5.23	1937	12	18	20	22	0	33.00	48.50	41.00
5.23	1939	1	23	2	34	0	33.00	44.10	40.60
5.23	1971	8	26	12	11	31	38.00	43.96	36.10
5.23	1960	3	19	14	54	26	298.00	43.17	40.21
5.20	1995	10	15	6	56	34	33.00	49.48	37.06
5.20	1981	2	23	4	6	30	14.00	46.04	41.82
5.20	2002	4	19	13	46	51	28.00	49.75	36.52
5.20	1997	5	7	16	16	47	48.00	51.64	40.30
5.20	1981	11	19	14	10	39	50.00	49.17	40.70
5.20	2000	3	21	14	7	42	58.00	48.22	40.03
5.19	1964	11	9	1	1	1	47.00	48.46	39.82
5.19	1965	2	10	1	1	1	45.00	47.09	37.66
5.19	1968	6	9	1	1	1	5.00	46.06	39.10
5.19	1988	6	4	1	1	1	15.00	45.30	36.96
5.19	1991	1	1	1	1	1	55.00	48.48	39.77
5.19	1994	11	2	12	31	1	10.00	48.32	38.15
5.19	1996	4	22	14	42	32	29.10	47.37	39.17
5.19	1967	1	30	1	20	29	10.00	44.28	41.03
5.19	1968	8	10	4	27	59	10.00	43.12	37.01
5.19	1971	7	1	12	13	28	10.00	43.44	36.38
5.19	1971	1	20	21	32	0	20.00	46.87	35.02
5.19	1974	11	27	16	52	48	20.00	45.64	35.24
5.19	1983	11	19	7	57	58	20.00	45.99	34.32
5.19	1961	12	17	14	33	20	47.00	51.00	38.31
5.19	1979	10	1	7	37	3	49.00	51.87	40.05
5.19	1994	6	30	9	55	13	55.00	50.52	40.89
5.19	1976	2	7	3	38	9	60.00	51.14	40.39
5.19	1973	12	14	9	11	47	76.00	48.95	41.87
5.19	1967	10	27	8	5	16	86.00	46.18	34.34
5.17	1927	5	14	20	29	15	4.00	46.00	41.50
5.17	1962	4	19	11	55	26	10.00	44.20	38.64
5.17	1964	3	29	23	3	43	14.00	49.00	39.20
5.17	1902	2	27	0	5	0	18.00	48.00	40.50
5.17	1957	5	29	10	3	13	21.00	45.84	38.63
5.17	1928	3	28	11	57	42	33.00	46.70	40.50
5.17	1929	12	25	0	33	17	33.00	49.40	41.40
5.17	1930	5	9	1	43	0	33.00	44.00	37.00
5.17	1930	5	10	11	3	0	33.00	46.00	35.00
5.17	1931	7	5	17	57	0	33.00	48.50	39.90
5.17	1934	6	8	2	2	3	33.00	48.70	40.50
5.17	1935	11	22	9	21	22	33.00	46.80	40.80
5.17	1937	3	7	19	10	56	33.00	45.40	38.77
5.17	1945	7	11	4	30	0	33.00	43.30	38.80
5.17	1946	3	5	4	45	7	33.00	49.30	39.60
5.17	1948	5	23	15	28	54	33.00	44.00	41.10
5.17	1950	1	28	15	30	59	33.00	49.10	41.90
5.17	1953	2	1	18	36	36	33.00	45.10	38.40
5.17	1953	10	10	18	18	0	33.00	48.00	40.40
5.17	1954	1	3	7	51	8	33.00	49.60	40.00
5.17	1954	12	17	11	24	46	33.00	47.10	41.20
5.17	1974	1	10	16	36	19	33.00	51.95	35.81
5.17	2000	3	15	12	26	43	33.00	45.79	34.36
5.17	1963	10	9	4	36	45	56.00	43.11	39.83
5.17	1951	6	5	3	34	59	81.00	48.33	36.18
5.12	1952	9	29	8	56	47	10.00	44.00	41.20
5.12	1956	3	18	3	55	39	11.00	44.10	40.80
5.12	1958	5	30	5	16	17	16.00	43.90	41.20
5.12	1953	2	14	20	52	30	20.00	43.60	38.50
5.12	1926	7	8	15	59	12	33.00	44.00	39.70
5.12	1930	5	9	21	8	0	33.00	43.50	37.50
5.12	1931	7	25	7	39	23	33.00	49.00	41.50
5.12	1936	3	7	19	12	16	33.00	45.70	40.20
5.12	1946	3	2	20	46	58	33.00	44.60	35.30
5.12	1948	4	26	7	24	13	33.00	44.60	35.30
5.12	1949	9	2	1	47	33	33.00	44.60	35.30
5.12	1950	11	25	17	18	39	33.00	44.00	37.00
5.12	1952	6	10	14	22	52	33.00	49.40	41.10
5.12	1954	8	16	14	59	0	33.00	48.70	39.00
5.12	1955	1	9	4	31	30	33.00	43.90	38.50
5.12	1955	9	19	23	53	51	33.00	47.60	41.30
5.12	1967	6	13	23	9	52	33.00	45.30	41.96
5.12	1967	7	4	21	30	34	33.00	49.00	40.00
5.12	1968	6	19	15	3	36	34.00	44.10	41.31
5.12	1914	11	4	19	51	0	40.00	47.50	40.30
5.12	1969	10	7	14	39	28	40.00	43.64	36.68
5.12	1971	2	11	1	41	30	59.00	47.12	38.35
5.12	1958	1	15	13	15	39	69.00	51.32	39.94
5.12	1962	9	2	13	21	35	105.00	49.64	36.03
5.10	1999	1	15	19	14	11	25.00	45.19	35.40
5.09	1986	1	6	0	9	11	33.00	49.30	40.54
5.09	2009	6	4	14	20	4	33.40	50.59	40.71
5.09	1968	6	17	4	59	3	10.00	48.24	40.91
5.09	1988	7	8	16	56	28	10.00	44.02	36.81
5.09	1970	10	3	2	47	40	14.00	47.33	33.95
5.09	1972	7	16	2	46	49	15.00	43.29	38.23
5.09	1975	1	14	22	7	49	15.00	44.81	35.40
5.09	1986	4	11	4	10	33	15.00	43.38	39.99
5.09	1988	7	25	7	58	39	15.00	45.69	36.04
5.09	1989	7	22	23	48	27	15.00	45.06	35.55
5.09	1967	2	15	1	47	28	19.00	47.60	34.59
5.09	1987	7	12	16	1	27	20.00	46.90	34.99
5.09	1983	2	23	5	33	54	22.00	50.40	40.52
5.09	1976	1	12	22	41	50	25.00	43.13	38.59
5.09	1983	6	3	16	34	43	25.00	50.85	41.39
5.09	1986	4	29	22	7	56	25.00	49.10	37.90
5.09	1994	4	17	8	2	32	25.00	46.33	41.91
5.09	1967	3	18	0	10	57	31.00	46.49	41.93
5.09	1989	9	16	4	9	6	33.00	50.97	39.67
5.09	1992	12	20	10	37	19	33.00	43.95	35.93
5.09	1986	8	18	9	49	16	38.00	44.37	35.85
5.09	1980	2	19	1	6	5	43.00	48.79	39.13
5.09	1978	8	10	19	50	26	47.00	47.92	34.20
5.09	1980	4	1	7	33	40	50.00	47.98	40.87
5.09	1968	5	11	12	12	47	55.00	49.77	40.97
5.09	1968	10	5	15	12	52	55.00	49.49	41.66
5.09	1977	5	30	3	43	0	108.00	44.92	39.23
5.09	1969	8	1	23	22	49	225.00	46.40	34.80
5.06	1945	9	5	20	24	0	6.00	45.00	40.70
5.06	1910	7	6	8	57	0	7.00	50.00	40.20
5.06	1908	6	10	22	15	0	9.00	48.80	40.70
5.06	1952	4	4	11	36	20	10.00	43.90	41.20
5.06	1952	9	30	2	50	43	15.00	44.16	38.84
5.06	1996	5	9	10	58	42	15.00	48.43	40.67
5.06	1929	3	24	16	17	50	25.00	43.80	41.10
5.06	2001	8	12	0	42	9	25.00	44.14	37.30
5.06	2001	5	16	7	24	29	26.00	52.66	36.26
5.06	1906	12	30	21	29	0	33.00	45.70	42.00
5.06	1914	11	1	21	53	26	33.00	45.40	38.40
5.06	1929	11	5	10	6	4	33.00	45.50	37.50
5.06	1930	8	4	12	20	50	33.00	43.70	40.80
5.06	1932	8	10	17	0	0	33.00	46.30	38.30
5.06	1936	8	4	18	3	39	33.00	45.90	41.80
5.06	1938	7	13	19	55	40	33.00	45.20	41.00
5.06	1949	2	17	5	24	37	33.00	46.00	40.90
5.06	1976	12	22	14	33	30	39.00	47.63	35.37
5.06	1996	1	12	4	33	38	60.00	46.18	40.41
5.06	1974	11	6	5	52	37	75.00	44.26	39.80
5.06	1969	3	26	12	2	2	130.00	53.50	39.00
5.00	1917	6	2	1	1	1	10.00	48.50	38.00
5.00	2006	11	5	1	1	1	14.00	48.88	37.50
5.00	1958	7	27	17	14	40	10.00	44.60	38.80
5.00	1958	1	17	8	30	0	12.00	52.70	36.50
5.00	1957	10	25	8	24	20	13.00	53.20	36.40
5.00	1904	7	16	12	1	0	15.00	47.80	39.40
5.00	1906	3	20	23	45	0	15.00	49.00	38.90
5.00	1922	11	22	5	41	0	15.00	50.00	40.20
5.00	1961	4	19	14	20	6	20.00	44.90	38.30
5.00	1967	7	11	1	25	50	20.00	47.80	38.20
5.00	1907	12	23	14	25	0	21.00	46.00	38.70
5.00	1934	11	2	22	6	16	22.00	48.70	39.90
5.00	1942	5	17	18	46	0	22.00	48.30	39.20
5.00	1998	8	21	5	13	12	25.00	48.18	34.22
5.00	1974	2	24	5	35	19	28.00	44.44	40.07
5.00	1916	10	11	3	5	0	30.00	45.50	39.50
5.00	1948	7	4	23	24	23	33.00	49.20	42.00
5.00	1970	3	14	2	0	54	33.00	44.50	39.10
5.00	1971	8	10	22	52	33	33.00	47.75	38.42
5.00	1977	2	20	5	56	23	33.00	53.21	36.40
4.99	2008	3	23	12	11	32	6.00	48.51	37.31
4.99	1995	5	15	0	16	53	26.30	49.44	38.47
4.99	1982	1	20	8	25	42	33.00	47.81	40.23
4.99	1985	10	16	21	22	40	33.00	50.76	40.65
4.99	1994	12	3	1	35	52	33.00	49.35	37.64
4.99	1995	4	26	11	46	12	33.00	49.53	37.05
4.99	1995	5	27	21	21	32	33.00	48.94	39.03
4.99	1983	12	20	22	21	6	42.20	50.79	36.80
4.99	2012	2	4	20	4	15	45.00	49.72	37.70
4.99	1995	5	13	7	20	43	53.20	50.59	40.68
4.99	1993	10	15	22	37	20	56.10	48.11	40.74
4.99	1977	9	30	16	50	36	1.00	45.02	40.04
4.99	2002	4	8	18	30	55	8.00	51.99	36.42
4.99	1967	3	20	22	30	43	10.00	43.97	35.89
4.99	1972	1	18	21	12	1	10.00	48.84	37.50
4.99	1980	12	11	0	14	36	10.00	45.94	40.26
4.99	1983	1	15	10	55	31	10.00	46.91	34.03
4.99	1991	7	5	13	52	19	10.00	45.21	36.65
4.99	1966	11	8	3	14	11	15.00	50.75	36.10
4.99	1971	9	8	22	35	14	15.00	43.99	41.23
4.99	1982	5	29	14	22	0	15.00	43.68	39.34
4.99	1986	7	12	17	0	52	15.00	45.17	38.40
4.99	1987	12	7	0	7	31	15.00	43.06	38.05
4.99	1988	1	7	10	59	38	15.00	45.43	38.41
4.99	1989	12	3	7	39	10	15.00	45.37	38.40
4.99	2002	10	27	7	35	9	15.00	48.02	34.24
4.99	2003	10	20	6	26	53	15.00	44.60	38.61
4.99	1964	11	15	6	33	24	20.00	45.48	35.51
4.99	1981	5	4	16	13	57	20.00	45.74	34.34
4.99	1976	7	27	18	39	36	21.00	48.88	40.31
4.99	1970	6	27	7	57	56	25.00	50.76	35.13
4.99	1996	1	28	8	43	17	28.00	46.45	34.28
4.99	1996	6	18	8	11	5	30.00	45.75	39.08
4.99	1964	8	16	21	28	51	35.00	52.42	39.59
4.99	1972	9	2	10	37	42	40.00	53.64	39.92
4.99	1997	3	5	16	58	41	40.00	49.48	40.93
4.99	1972	8	8	0	44	55	42.00	52.77	36.51
4.99	1973	8	30	7	36	25	45.00	42.75	37.96
4.99	1976	4	24	19	13	38	45.00	50.98	41.47
4.99	1980	10	10	11	9	53	47.00	45.91	38.40
4.99	1983	4	11	14	32	58	49.00	52.96	40.23
4.99	2000	6	14	16	3	42	49.00	51.64	40.24
4.99	1969	11	4	20	17	52	50.00	50.17	40.20
4.99	1964	4	13	1	14	22	51.00	52.00	39.98
4.99	1991	9	22	2	8	20	51.00	51.88	39.73
4.99	1986	2	7	22	53	21	55.00	49.60	41.01
4.99	1980	9	19	16	21	50	57.00	51.14	39.90
4.99	1991	2	14	21	56	2	60.00	46.21	34.26
4.99	1983	5	9	2	6	24	68.00	44.43	35.34
4.99	1964	9	9	22	19	43	69.00	45.95	35.03
4.99	1985	3	17	2	51	43	70.00	45.43	34.49
4.94	1961	12	17	14	28	40	6.00	50.00	40.50
4.94	1963	2	18	14	3	37	6.00	47.04	40.07
4.94	1928	3	28	19	43	0	10.00	49.00	38.70
4.94	1929	8	28	19	43	0	10.00	49.00	38.70
4.94	1930	6	7	7	15	0	10.00	49.60	39.80
4.94	1959	8	17	1	33	21	16.00	48.10	39.10
4.94	1907	4	12	2	1	10	20.00	45.40	39.20
4.94	1922	7	27	2	3	0	20.00	47.50	40.40
4.94	1995	6	26	21	12	54	22.00	51.19	36.60
4.94	1931	5	21	12	0	54	24.00	44.30	39.50
4.94	1997	6	7	20	29	48	28.00	50.36	36.51
4.94	1931	8	27	6	22	8	33.00	48.70	41.90
4.94	1935	9	5	22	38	38	33.00	47.80	41.20
4.94	1944	11	9	19	39	40	33.00	48.40	38.00
4.94	1948	12	4	19	52	11	33.00	47.10	40.80
4.94	1952	4	3	4	37	14	33.00	49.10	41.80
4.94	1969	8	19	0	10	45	33.00	49.90	38.90
4.94	1957	7	21	15	8	33	37.00	46.05	39.14
4.94	2000	2	26	0	43	49	43.00	44.52	37.36
4.89	1993	4	8	9	48	4	10.00	47.99	37.90
4.89	2013	9	9	4	35	47	24.29	50.14	40.74
4.89	1985	4	3	1	44	27	26.30	48.42	38.10
4.89	1979	11	8	5	21	59	33.00	48.84	38.74
4.89	1998	9	28	17	26	30	47.30	48.75	36.58
4.89	1979	4	25	7	39	44	3.00	44.08	41.26
4.89	1967	8	25	12	26	46	8.00	49.24	35.56
4.89	1978	8	15	9	4	22	8.00	43.99	41.25
4.89	1967	5	17	4	28	49	10.00	44.16	38.57
4.89	1973	9	17	4	6	1	10.00	51.11	36.54
4.89	1970	2	17	2	59	54	15.00	43.33	38.59
4.89	1971	4	30	9	6	15	15.00	50.36	34.64
4.89	1975	4	11	14	26	43	15.00	50.26	35.62
4.89	1979	7	1	9	37	29	15.00	46.07	34.80
4.89	1983	4	2	0	32	27	15.00	48.69	38.97
4.89	1983	12	17	0	14	24	15.00	43.98	41.16
4.89	1985	10	14	15	28	33	15.00	52.66	35.58
4.89	1986	6	2	6	25	22	15.00	45.61	35.87
4.89	1988	1	27	3	46	58	15.00	45.12	39.81
4.89	1989	2	15	10	10	6	15.00	50.39	37.31
4.89	1992	3	13	19	30	23	15.00	45.16	36.82
4.89	2002	12	9	7	50	57	15.00	45.21	36.67
4.89	2003	12	24	3	50	0	15.00	50.50	35.17
4.89	1992	12	9	20	29	49	18.00	45.40	40.10
4.89	1979	3	2	15	35	25	19.00	46.46	41.28
4.89	1972	11	5	13	6	44	20.00	47.40	41.21
4.89	1975	10	20	3	20	1	20.00	48.46	41.63
4.89	1986	8	10	17	47	55	20.00	43.55	38.55
4.89	1993	3	15	15	32	42	21.00	45.85	38.23
4.89	1998	11	18	11	37	21	23.00	45.28	38.41
4.89	2002	2	28	0	46	31	25.00	44.18	37.29
4.89	1989	4	13	7	49	21	30.00	45.83	41.73
4.89	1999	1	14	22	45	20	30.00	44.04	41.27
4.89	2003	6	1	6	9	46	30.00	47.32	41.04
4.89	1964	8	4	23	18	53	31.00	45.95	34.34
4.89	1985	3	27	16	14	56	32.00	53.64	39.31
4.89	1935	4	11	23	59	19	33.00	53.21	36.48
4.89	1945	5	11	20	17	28	33.00	52.40	35.18
4.89	1980	5	13	14	43	59	33.00	51.20	41.39
4.89	1985	7	3	23	30	41	33.00	45.94	41.21
4.89	1988	1	29	10	54	17	33.00	46.33	34.55
4.89	2002	10	10	12	13	43	33.00	52.33	35.89
4.89	2002	4	25	17	41	27	35.00	44.86	41.77
4.89	1968	8	2	3	59	27	36.00	49.33	36.85
4.89	1966	6	6	5	3	21	38.00	53.02	40.30
4.89	1972	6	14	0	49	54	39.00	51.87	40.15
4.89	1986	5	11	7	29	14	43.00	45.28	36.97
4.89	1958	1	16	2	4	29	45.00	52.55	36.13
4.89	1983	10	3	11	15	9	48.00	43.64	37.16
4.89	1985	12	11	9	11	31	48.00	45.60	35.81
4.89	1971	5	15	4	53	7	50.00	49.04	37.96
4.89	1968	6	11	6	9	27	53.00	42.85	38.15
4.89	1996	12	4	2	49	42	53.00	52.89	40.25
4.89	1966	5	2	13	55	5	55.00	42.61	38.10
4.89	1972	4	18	23	22	40	55.00	51.36	39.93
4.89	2003	11	18	19	40	6	55.00	51.45	40.30
4.89	1985	2	11	9	26	47	62.00	50.69	34.47
4.89	1965	5	26	13	58	5	67.00	44.60	35.44
4.89	1980	10	18	13	20	35	76.00	52.18	40.78
4.89	1970	11	8	0	9	3	83.00	48.92	41.30
4.88	1928	11	30	22	5	6	5.00	45.30	41.00
4.88	1959	12	12	23	55	43	6.00	49.60	40.70
4.88	2000	11	15	19	30	44	12.00	42.75	37.94
4.88	1946	5	7	4	27	31	15.00	43.10	38.90
4.88	1955	6	26	10	35	21	20.00	52.00	40.00
4.88	1928	5	13	20	6	10	33.00	46.20	41.80
4.88	1969	10	21	3	55	27	33.00	46.60	41.20
4.88	1998	7	17	4	52	5	33.00	49.83	38.17
4.88	1957	7	21	15	8	17	37.00	43.00	39.00
4.88	1975	3	11	1	32	1	52.00	47.32	37.83
4.88	1974	3	8	8	48	18	55.00	44.13	38.76
4.82	1929	12	25	22	26	2	6.00	48.70	39.40
4.82	1949	6	18	1	14	4	10.00	49.00	38.70
4.82	1957	6	8	16	45	42	10.00	48.50	40.90
4.82	1960	1	18	14	21	57	10.00	48.60	40.70
4.82	1960	4	1	18	42	59	10.00	47.00	40.80
4.82	2002	12	10	21	32	21	10.00	46.48	40.40
4.82	1958	11	5	9	49	39	12.00	50.00	40.60
4.82	1953	9	28	11	50	57	14.00	45.80	40.40
4.82	1958	7	6	10	46	1	14.00	48.40	38.50
4.82	1967	10	22	15	16	27	14.00	48.40	40.60
4.82	1909	12	30	15	15	0	15.00	46.30	38.90
4.82	1920	10	3	20	0	0	15.00	49.60	39.70
4.82	1957	4	2	16	11	5	15.00	50.60	40.20
4.82	1962	10	9	6	56	16	15.00	44.70	39.60
4.82	1962	12	24	14	14	26	15.00	47.50	38.50
4.82	1967	1	9	20	32	43	15.00	43.30	40.30
4.82	1969	3	6	20	27	15	15.00	43.30	39.60
4.82	1928	11	4	17	5	9	20.00	43.80	40.70
4.82	1953	3	16	10	25	21	20.00	47.60	40.90
4.82	1953	6	21	20	25	9	20.00	47.10	37.90
4.82	1956	11	1	21	57	59	20.00	48.10	38.90
4.82	1964	9	11	14	9	48	20.00	48.60	40.30
4.82	1964	11	4	4	27	14	20.00	49.30	38.70
4.82	1970	2	28	12	32	56	20.00	43.20	40.40
4.82	1914	12	3	23	39	32	21.00	43.90	41.00
4.82	1933	8	24	0	12	1	33.00	48.50	40.30
4.82	1964	10	6	7	23	27	33.00	53.60	40.00
4.82	1965	12	9	19	28	53	33.00	44.00	37.50
4.82	1970	10	20	7	16	43	60.00	44.51	41.57
4.82	1965	2	13	0	57	8	88.00	45.74	38.23
4.79	1979	11	21	15	36	2	10.00	47.28	38.37
4.79	1990	9	24	6	35	14	10.00	47.95	38.25
4.79	2010	2	2	10	16	29	10.00	46.78	37.93
4.79	2011	3	4	9	46	29	14.10	48.61	37.73
4.79	2010	10	22	8	0	38	15.00	49.09	37.96
4.79	2007	8	23	1	52	24	27.60	48.52	40.64
4.79	2007	12	14	21	56	4	32.70	47.70	37.27
4.79	1988	1	14	11	29	20	33.00	50.60	36.01
4.79	1999	8	19	4	33	15	33.00	46.45	38.30
4.79	2003	10	24	20	47	22	33.00	50.21	40.68
4.79	1998	2	27	18	2	43	50.50	49.13	39.69
4.79	1998	2	28	0	39	13	52.30	48.72	37.05
4.79	2001	10	29	10	4	50	53.50	48.64	38.92
4.79	1989	10	8	14	13	29	57.40	50.13	37.04
4.79	1993	2	19	18	13	28	3.00	45.01	40.57
4.79	1975	11	6	4	9	32	6.00	53.15	36.00
4.79	1988	12	19	4	44	2	9.00	46.04	35.43
4.79	1978	11	25	8	57	25	10.00	44.07	39.90
4.79	1985	7	24	16	57	55	10.00	46.00	35.89
4.79	1989	3	3	15	37	17	10.00	48.10	33.89
4.79	1995	2	14	11	13	20	10.00	42.71	37.74
4.79	1999	8	1	19	22	51	10.00	48.41	33.77
4.79	1978	1	17	19	12	7	14.00	44.26	41.04
4.79	1972	2	5	21	52	41	15.00	47.14	33.97
4.79	1974	11	5	20	2	19	15.00	52.92	36.22
4.79	1981	1	4	7	19	45	15.00	44.85	38.47
4.79	1983	3	26	10	51	46	15.00	44.19	38.74
4.79	1984	6	29	19	55	16	15.00	45.17	38.38
4.79	1994	11	9	18	21	8	15.00	45.40	36.30
4.79	1995	3	3	13	51	22	15.00	45.26	34.65
4.79	1995	3	25	11	23	29	15.00	47.92	34.11
4.79	1998	1	9	19	6	13	15.00	52.15	36.38
4.79	2001	6	12	1	46	49	15.00	47.28	39.10
4.79	2001	12	2	4	11	48	15.00	43.26	38.56
4.79	2003	1	12	14	38	46	15.00	46.04	34.80
4.79	1993	8	19	10	4	30	16.00	52.10	35.17
4.79	2004	5	24	0	14	57	17.00	46.74	34.01
4.79	1968	5	19	16	49	50	22.00	53.35	36.61
4.79	1989	8	15	14	35	31	24.00	48.79	41.04
4.79	1976	4	2	16	58	7	25.00	43.69	39.80
4.79	2001	10	30	4	31	45	25.00	47.31	41.47
4.79	1968	2	5	13	34	11	29.00	48.07	40.87
4.79	1970	4	16	1	26	50	30.00	48.61	38.81
4.79	1984	3	7	23	29	37	30.00	43.35	39.05
4.79	1981	7	6	21	25	10	31.00	44.66	35.31
4.79	1965	10	29	15	59	42	33.00	48.70	37.90
4.79	1968	6	24	18	28	46	33.00	48.80	40.20
4.79	1975	8	2	16	28	10	33.00	50.34	40.31
4.79	1976	11	28	12	0	5	33.00	47.35	41.42
4.79	1977	11	21	12	32	27	33.00	49.99	41.59
4.79	1979	2	22	5	7	17	33.00	52.10	35.20
4.79	1980	9	15	3	57	43	33.00	48.90	33.85
4.79	1983	9	13	21	58	23	33.00	46.50	34.44
4.79	1984	8	8	9	11	11	33.00	47.86	34.46
4.79	1984	10	28	22	3	59	33.00	45.29	37.03
4.79	1987	10	22	3	5	41	33.00	49.56	40.10
4.79	1988	6	27	8	19	40	33.00	46.17	34.26
4.79	1988	7	22	3	42	31	33.00	46.63	34.10
4.79	2000	7	14	12	58	52	33.00	47.17	41.97
4.79	1969	11	28	1	29	31	34.00	44.99	36.78
4.79	1964	2	8	6	28	27	40.00	51.04	37.10
4.79	1977	12	21	8	30	47	41.00	47.68	41.93
4.79	1964	6	5	0	11	52	42.00	43.19	39.13
4.79	1980	8	5	23	33	0	45.00	52.15	40.00
4.79	2000	9	27	3	44	2	45.00	49.65	41.07
4.79	2003	6	25	9	32	1	45.00	51.95	40.70
4.79	1982	7	1	20	21	27	46.00	47.74	34.59
4.79	2001	1	3	11	5	42	47.00	52.85	39.37
4.79	1968	6	4	1	44	25	49.00	49.19	37.50
4.79	1984	9	9	17	55	1	50.00	49.28	35.53
4.79	1991	12	10	5	58	18	50.00	51.85	40.81
4.79	1984	9	23	11	32	43	54.00	44.70	36.35
4.79	1983	5	12	16	43	11	56.00	52.46	39.52
4.79	2003	10	13	21	48	45	58.00	52.47	40.56
4.79	1984	9	30	15	33	21	59.00	49.16	37.92
4.79	1978	3	16	19	47	47	60.00	49.38	41.37
4.79	1970	12	2	18	54	17	66.00	48.73	40.61
4.79	1990	1	7	6	50	26	74.00	49.39	41.10
4.79	1966	2	1	7	7	54	86.00	46.11	34.92
4.79	1967	7	14	11	46	43	108.00	46.30	35.00
4.76	1901	4	3	0	57	0	15.00	44.30	40.00
4.76	1970	5	16	6	36	23	33.00	44.00	41.10
4.76	1970	7	22	5	42	23	33.00	51.00	40.50
4.76	1971	11	12	16	37	17	69.00	50.45	40.69
4.70	2001	4	20	14	31	12	10.00	42.88	39.71
4.70	1953	6	11	17	27	30	33.00	47.80	39.70
4.70	1970	10	26	4	11	17	33.00	44.00	41.10
4.69	2002	1	5	14	43	43	21.30	49.02	37.52
4.69	2015	3	12	0	42	32	27.26	49.13	38.40
4.69	2005	4	11	14	50	31	27.70	49.19	39.51
4.69	1985	2	5	22	19	8	33.00	49.10	39.73
4.69	1985	5	9	18	50	23	33.00	48.77	39.30
4.69	1985	11	2	9	34	14	33.00	49.07	37.52
4.69	1992	1	6	1	18	11	33.00	49.79	40.34
4.69	1997	10	3	21	55	3	33.00	48.87	40.66
4.69	1998	4	4	2	46	33	33.00	49.43	36.65
4.69	1998	5	4	1	2	47	33.00	49.56	40.63
4.69	2000	10	28	12	56	12	33.00	50.61	40.21
4.69	2010	6	3	4	53	32	45.60	50.41	40.68
4.69	2014	9	18	22	29	13	47.80	48.84	38.68
4.69	2002	2	14	20	6	24	49.10	49.40	36.90
4.69	1963	12	8	11	8	8	9.00	49.02	40.35
4.69	1964	2	5	10	24	23	9.00	46.10	40.37
4.69	2000	5	6	22	1	57	9.00	48.07	41.57
4.69	1981	5	24	22	7	6	10.00	45.41	38.42
4.69	1988	5	27	0	54	25	10.00	50.25	34.41
4.69	1980	5	16	19	50	14	15.00	45.88	38.86
4.69	1986	6	2	15	16	17	15.00	47.91	41.06
4.69	1991	10	28	11	47	23	15.00	46.82	33.99
4.69	1993	3	30	22	25	21	15.00	44.83	38.30
4.69	2000	9	11	16	54	52	15.00	45.23	35.70
4.69	2002	4	7	22	50	29	15.00	45.24	38.40
4.69	1988	3	1	1	2	3	16.00	50.79	34.48
4.69	1986	7	29	3	17	37	17.00	45.35	36.46
4.69	1998	3	3	21	39	44	23.00	46.72	40.25
4.69	1982	12	22	9	49	4	24.00	46.22	41.72
4.69	2003	6	21	15	0	5	24.00	52.86	35.63
4.69	1997	11	2	0	26	2	25.00	43.32	38.75
4.69	1965	5	11	5	44	29	27.00	51.04	39.93
4.69	1964	5	15	1	56	8	29.00	49.86	35.76
4.69	1965	4	17	11	44	26	33.00	47.40	34.30
4.69	1967	8	1	16	54	11	33.00	53.40	39.90
4.69	1969	12	6	2	48	58	33.00	49.50	42.00
4.69	1979	3	18	5	19	53	33.00	52.65	36.34
4.69	1980	8	25	16	32	38	33.00	48.39	33.79
4.69	1981	10	31	10	41	52	33.00	49.14	41.95
4.69	1982	8	21	14	29	19	33.00	51.26	40.34
4.69	1983	3	11	21	26	16	33.00	46.06	34.30
4.69	1984	10	3	23	37	49	33.00	45.17	36.11
4.69	1985	9	3	14	20	39	33.00	48.02	41.51
4.69	1986	8	28	7	49	10	33.00	46.27	39.51
4.69	1988	10	16	23	35	24	33.00	44.76	38.01
4.69	1989	6	12	6	57	30	33.00	46.28	35.04
4.69	1991	1	22	12	4	25	33.00	52.32	35.44
4.69	2002	5	3	2	18	16	33.00	43.62	36.84
4.69	1998	4	18	19	47	2	35.00	49.94	41.01
4.69	1973	10	26	13	11	50	41.00	48.29	40.84
4.69	1994	11	21	18	55	18	44.00	51.91	36.05
4.69	2001	7	1	16	11	31	45.00	51.70	40.29
4.69	1973	6	13	10	5	26	48.00	49.52	38.46
4.69	1989	5	8	23	28	29	49.00	44.73	34.93
4.69	1979	9	4	7	14	3	50.00	43.85	39.90
4.69	2000	3	8	1	45	55	52.00	51.94	40.67
4.69	1999	7	15	14	34	59	54.00	52.05	40.51
4.69	1999	9	4	20	45	52	55.00	50.84	40.15
4.69	1969	5	14	0	44	35	57.00	44.60	38.90
4.69	1993	9	8	19	54	41	58.00	52.31	40.38
4.69	1970	10	29	8	49	32	59.00	45.47	38.43
4.69	1959	11	13	9	20	56	62.00	47.64	34.65
4.69	1981	4	7	20	16	46	63.00	50.61	40.36
4.69	1965	5	15	18	43	10	68.00	48.32	40.45
4.69	1983	12	26	3	48	26	68.00	48.94	33.81
4.69	1991	10	21	11	58	22	74.00	46.77	41.82
4.69	1968	7	10	8	57	28	76.00	51.80	40.73
4.69	1967	10	4	4	52	32	77.00	43.80	40.10
4.69	1994	12	19	15	0	3	78.00	47.86	41.30
4.69	1987	3	1	12	43	38	79.00	49.22	41.43
4.69	1982	12	17	6	51	38	93.00	49.62	40.80
4.69	1967	2	16	11	55	32	144.00	51.90	35.40
4.59	2008	7	13	22	30	9	4.00	48.16	37.83
4.59	1997	8	24	11	48	11	10.00	48.89	37.67
4.59	2012	8	30	20	15	32	10.00	49.12	39.12
4.59	2012	3	18	2	38	16	14.00	49.20	36.82
4.59	2011	7	12	13	40	13	15.90	49.07	40.28
4.59	1975	8	6	0	54	59	20.00	48.61	40.72
4.59	1982	3	7	0	59	49	33.00	50.17	37.94
4.59	1984	3	18	16	57	15	33.00	48.87	37.68
4.59	2011	3	14	7	52	16	35.00	49.12	40.28
4.59	1993	6	7	7	14	28	36.10	46.27	39.92
4.59	2011	11	15	19	33	54	39.30	50.19	40.13
4.59	1995	6	26	23	27	39	67.10	48.34	39.87
4.59	2005	5	26	1	59	12	75.70	48.71	38.81
4.59	1991	10	15	3	12	31	3.00	46.69	34.44
4.59	1983	12	15	7	17	42	5.00	46.11	40.24
4.59	1979	1	16	10	24	18	10.00	50.17	40.84
4.59	1985	10	30	21	53	16	10.00	44.92	36.20
4.59	1987	7	13	12	54	30	10.00	43.52	39.09
4.59	1988	12	7	9	28	51	10.00	45.15	40.66
4.59	2000	5	2	16	19	39	10.00	45.89	41.23
4.59	2003	11	10	8	43	39	10.00	48.76	40.43
4.59	1992	3	5	3	30	16	15.00	45.02	38.36
4.59	1993	3	8	19	13	21	15.00	51.00	36.54
4.59	1998	8	7	1	36	15	15.00	43.52	37.72
4.59	1999	4	30	14	54	21	15.00	45.71	35.93
4.59	2002	2	22	19	52	12	15.00	49.00	41.38
4.59	2004	3	18	9	33	8	15.00	46.31	35.38
4.59	1982	3	12	21	50	19	18.00	48.22	34.03
4.59	1997	6	2	3	54	45	25.00	48.27	34.01
4.59	1998	1	23	12	32	53	25.00	43.97	39.25
4.59	1975	3	13	17	33	12	27.00	50.70	37.08
4.59	1964	7	13	2	19	26	33.00	44.50	41.60
4.59	1977	2	13	19	1	14	33.00	48.48	40.87
4.59	1979	1	29	22	45	53	33.00	52.02	40.02
4.59	1979	12	30	10	56	7	33.00	42.64	38.45
4.59	1982	1	8	13	14	24	33.00	49.26	41.18
4.59	1982	10	31	9	13	38	33.00	51.10	41.15
4.59	1983	3	7	16	22	55	33.00	45.97	35.10
4.59	1983	8	3	3	6	2	33.00	44.69	38.91
4.59	1983	12	21	0	7	28	33.00	51.32	36.93
4.59	1984	8	2	5	52	53	33.00	44.33	40.22
4.59	1985	11	2	9	34	16	33.00	49.48	37.83
4.59	1986	8	24	1	55	22	33.00	49.68	40.83
4.59	1986	12	17	0	49	22	33.00	43.71	35.99
4.59	1987	1	19	14	15	1	33.00	46.28	34.49
4.59	1987	5	23	13	31	51	33.00	46.54	34.07
4.59	1988	6	21	21	40	9	33.00	51.67	40.45
4.59	1992	6	19	16	9	53	33.00	52.08	40.74
4.59	1965	8	27	4	23	25	35.00	49.49	40.39
4.59	1969	2	5	20	23	54	39.00	45.70	38.60
4.59	1995	1	7	15	33	24	39.00	44.18	35.76
4.59	2001	11	29	16	21	41	41.00	44.61	35.39
4.59	1984	4	2	21	59	32	43.00	42.88	37.62
4.59	1997	8	26	0	44	51	43.00	53.06	36.59
4.59	2001	6	8	10	50	27	44.00	48.35	41.98
4.59	1970	1	19	17	19	29	47.00	48.98	37.01
4.59	1996	3	9	8	55	47	50.00	52.53	39.64
4.59	1997	8	25	2	48	7	50.00	44.10	39.23
4.59	2000	4	22	22	4	24	50.00	50.20	41.80
4.59	2001	11	17	6	33	46	50.00	51.64	38.85
4.59	2003	7	25	23	59	33	55.00	50.13	40.18
4.59	1984	7	27	1	31	27	61.00	49.76	40.48
4.59	1975	3	21	2	59	27	62.00	43.90	40.79
4.59	1965	1	23	11	23	35	65.00	48.97	39.16
4.59	1986	11	20	11	5	26	66.00	45.35	34.84
4.59	1966	3	16	10	38	34	84.00	46.17	34.29
4.59	1975	7	27	0	53	47	108.00	45.60	34.53
4.58	1996	6	9	19	20	0	10.00	43.87	41.03
4.58	1972	3	1	9	59	22	48.00	46.06	41.80
4.53	1973	6	16	8	59	9	20.00	44.32	40.28
4.49	2007	12	1	18	45	10	4.00	46.42	38.20
4.49	2015	1	24	1	17	42	6.70	47.04	38.06
4.49	1998	12	19	4	54	0	10.00	50.79	36.77
4.49	2012	2	4	6	19	31	10.00	48.78	38.62
4.49	2013	11	8	10	12	35	15.00	47.27	37.86
4.49	2012	5	14	6	46	23	21.40	48.76	38.70
4.49	1975	5	3	11	9	23	33.00	50.22	40.29
4.49	1982	11	21	1	43	36	33.00	47.87	40.05
4.49	1987	10	18	2	11	47	33.00	46.77	35.99
4.49	1996	7	17	22	12	18	33.00	49.84	37.51
4.49	1997	7	8	6	11	16	33.00	48.61	40.64
4.49	1998	7	30	13	15	48	33.00	49.38	37.55
4.49	2006	12	2	13	23	55	35.00	48.64	38.84
4.49	2002	1	6	6	22	27	63.70	48.95	38.25
4.49	2004	7	3	6	57	35	72.90	49.03	40.02
4.49	1982	1	17	10	27	42	6.00	44.05	41.10
4.49	1991	10	18	16	23	40	8.00	47.75	41.71
4.49	2002	8	16	15	30	15	8.00	46.19	41.90
4.49	1972	7	11	22	49	1	10.00	45.65	36.11
4.49	1991	5	2	2	7	31	10.00	45.17	41.34
4.49	1995	12	28	16	38	31	10.00	49.28	40.20
4.49	2004	6	12	23	8	9	10.00	45.82	41.90
4.49	2003	2	27	22	36	43	12.00	44.15	38.34
4.49	2001	9	11	2	2	9	14.00	47.85	40.98
4.49	1992	5	31	23	58	44	15.00	46.80	34.17
4.49	1993	3	19	20	5	17	15.00	46.76	41.95
4.49	1999	2	19	18	0	10	15.00	44.50	38.71
4.49	2002	1	24	3	55	55	16.00	46.60	41.86
4.49	1971	9	21	1	4	19	17.00	44.14	38.58
4.49	2002	3	14	12	57	1	18.00	44.13	39.33
4.49	2002	3	2	11	47	14	19.00	46.56	39.92
4.49	1991	3	27	22	17	54	26.00	45.43	40.43
4.49	1967	2	16	15	10	6	29.00	48.10	33.80
4.49	1973	10	27	14	22	46	29.00	52.57	35.77
4.49	1975	8	6	9	22	0	33.00	48.25	40.53
4.49	1976	11	24	13	43	58	33.00	44.99	39.54
4.49	1982	1	28	9	36	14	33.00	43.57	37.24
4.49	1982	4	21	16	57	58	33.00	44.03	36.09
4.49	1982	8	3	17	56	26	33.00	50.93	37.48
4.49	1985	1	14	22	4	56	33.00	53.63	39.92
4.49	1985	2	16	6	57	37	33.00	51.85	36.78
4.49	1985	12	29	0	55	26	33.00	44.48	38.72
4.49	1986	3	26	10	37	22	33.00	48.03	35.06
4.49	1987	8	14	2	13	57	33.00	48.17	41.09
4.49	1990	10	12	3	9	47	33.00	47.80	34.96
4.49	1991	11	12	20	36	4	33.00	45.06	38.97
4.49	1992	2	15	15	18	4	33.00	46.21	41.49
4.49	1993	5	12	9	41	19	33.00	52.03	36.78
4.49	1993	5	25	18	38	25	33.00	46.07	37.56
4.49	1993	7	29	7	39	35	33.00	44.87	36.81
4.49	1995	6	17	7	47	59	33.00	46.26	34.63
4.49	1997	12	4	6	6	17	35.00	47.96	41.64
4.49	1970	9	3	22	38	9	36.00	53.60	39.97
4.49	1983	8	11	13	44	15	40.00	44.20	39.02
4.49	1998	12	3	13	13	34	46.00	50.97	36.06
4.49	2002	1	23	3	2	55	55.00	52.23	40.30
4.49	2000	8	17	19	34	46	56.00	51.77	40.83
4.49	1975	10	6	18	7	23	59.00	48.25	38.10
4.49	1984	12	27	2	7	58	60.00	45.06	34.79
4.49	1969	5	27	1	3	33	65.00	43.40	38.69
4.49	1973	1	6	15	39	35	65.00	46.67	37.95
4.49	1982	3	7	0	59	51	66.00	49.95	37.65
4.49	2003	5	8	15	2	28	66.00	48.64	41.36
4.49	1979	8	20	22	42	9	68.00	52.02	40.73
4.47	1995	10	14	10	47	39	10.00	45.55	41.10
4.41	1962	10	12	11	21	51	5.00	45.70	40.80
4.41	1973	3	11	8	55	13	5.00	44.15	41.39
4.41	1995	9	25	19	5	46	10.00	45.08	40.35
4.39	2013	10	13	22	21	54	7.40	48.38	37.67
4.39	2005	6	7	9	51	19	15.10	46.93	38.00
4.39	1987	7	22	18	5	9	20.20	46.62	38.06
4.39	1975	8	6	9	22	0	33.00	48.24	40.54
4.39	1985	4	9	3	31	3	33.00	46.60	39.21
4.39	1986	9	10	19	32	27	33.00	48.97	36.13
4.39	1990	8	2	17	12	49	33.00	48.19	38.54
4.39	2000	4	10	3	42	41	33.00	48.17	37.96
4.39	2001	1	23	9	27	56	33.00	46.57	40.24
4.39	2001	7	29	1	36	20	33.00	47.16	40.65
4.39	2002	5	31	21	38	14	33.00	48.63	40.44
4.39	2007	5	2	18	44	25	45.90	50.16	40.45
4.39	2001	4	29	16	34	8	52.30	48.52	40.06
4.39	1992	8	6	17	53	9	57.00	48.87	40.07
4.39	2001	2	3	16	16	38	5.00	45.65	41.41
4.39	1999	9	29	11	54	49	6.00	46.14	41.97
4.39	2004	1	14	15	29	31	8.00	46.77	41.89
4.39	1986	5	19	17	36	32	10.00	43.08	37.92
4.39	1989	12	17	5	50	33	10.00	46.35	41.88
4.39	1995	2	22	6	29	42	10.00	44.86	38.58
4.39	2002	8	31	11	19	29	10.00	48.63	41.64
4.39	2001	7	1	8	24	30	13.00	47.95	41.33
4.39	2002	2	26	22	18	10	13.00	48.17	41.86
4.39	1996	8	25	14	17	7	15.00	52.97	35.88
4.39	1998	2	9	5	34	8	15.00	48.35	33.77
4.39	2004	2	16	18	47	7	15.00	47.80	34.39
4.39	2002	7	7	15	12	54	16.00	49.20	40.87
4.39	2004	2	8	12	54	9	18.00	47.44	41.07
4.39	2001	4	17	9	53	38	20.00	48.97	41.74
4.39	1982	4	27	17	16	27	23.00	46.32	39.12
4.39	1997	7	18	7	34	0	30.00	44.97	41.21
4.39	1978	7	31	16	37	14	33.00	52.92	40.37
4.39	1979	5	12	16	19	54	33.00	48.16	41.42
4.39	1980	7	6	22	53	58	33.00	48.69	34.30
4.39	1982	2	20	7	36	25	33.00	46.73	41.71
4.39	1982	2	25	3	56	20	33.00	48.94	41.95
4.39	1982	11	4	0	4	49	33.00	45.57	38.50
4.39	1984	3	18	16	57	18	33.00	49.35	37.75
4.39	1989	4	26	4	3	55	33.00	45.66	34.61
4.39	1990	7	20	17	30	28	33.00	48.36	41.81
4.39	1991	11	25	14	24	58	33.00	52.92	40.48
4.39	1994	5	3	20	20	26	33.00	46.72	34.20
4.39	1995	1	4	0	57	51	33.00	48.83	41.32
4.39	1999	6	18	2	20	17	33.00	46.72	34.05
4.39	2000	1	3	2	4	15	33.00	45.10	35.03
4.39	2000	10	27	18	57	33	33.00	44.65	36.36
4.39	2000	12	22	9	4	12	33.00	45.91	35.81
4.39	2001	8	13	2	5	25	35.00	45.40	35.23
4.39	2003	10	4	9	11	0	36.00	49.73	40.37
4.39	1996	3	6	9	29	2	37.00	53.37	40.08
4.39	1977	12	11	4	28	25	42.00	47.34	34.46
4.39	1997	11	5	22	42	57	44.00	51.37	34.94
4.39	1996	9	4	20	39	53	46.00	46.27	35.26
4.39	1993	11	12	13	49	26	47.00	52.05	41.20
4.39	1999	3	21	5	18	24	48.00	53.06	40.19
4.39	1986	3	30	20	31	6	49.00	44.61	38.96
4.39	2000	11	13	5	55	8	49.00	44.54	35.36
4.39	1995	6	3	20	8	34	50.00	53.09	35.92
4.39	2000	12	31	12	9	35	50.00	44.49	41.47
4.39	1970	2	21	20	1	29	51.00	46.40	35.00
4.39	1974	2	16	7	25	58	52.00	51.27	41.48
4.39	1996	7	25	20	45	55	57.00	49.47	37.38
4.39	2003	8	19	5	0	19	62.00	50.75	41.53
4.39	2003	2	20	14	23	6	65.00	45.01	38.35
4.39	1972	10	17	1	58	15	67.00	51.32	40.70
4.39	1993	3	10	10	43	3	70.00	51.42	40.52
4.39	2002	10	18	22	24	57	74.00	52.42	36.28
4.39	1998	8	23	8	17	57	86.00	50.65	41.46
4.39	1995	5	18	0	52	6	89.00	45.65	38.38
4.29	2007	9	29	21	52	18	4.00	48.90	37.60
4.29	2013	7	6	17	7	49	10.70	48.97	37.63
4.29	2007	9	19	16	57	53	24.00	46.84	40.36
4.29	2008	6	10	14	54	28	25.60	48.98	39.32
4.29	2004	5	23	2	49	13	31.50	48.56	40.77
4.29	1980	8	27	20	11	14	33.00	48.76	36.81
4.29	1992	11	6	15	28	46	33.00	47.76	37.99
4.29	1993	5	1	6	47	47	33.00	48.90	38.94
4.29	1994	3	12	15	0	44	33.00	49.32	36.99
4.29	1996	5	28	22	18	26	33.00	48.65	37.50
4.29	1998	10	12	18	32	26	33.00	49.11	40.07
4.29	1999	3	26	12	6	53	33.00	50.18	36.61
4.29	2002	1	24	7	23	54	33.00	48.16	38.22
4.29	2001	9	23	1	14	5	37.20	49.51	39.64
4.29	2000	4	28	20	32	52	40.30	49.57	37.02
4.29	1975	9	20	6	8	34	64.00	49.29	40.22
4.29	2005	8	25	10	24	56	71.00	48.56	40.53
4.29	2005	11	8	6	27	12	84.10	47.53	40.62
4.29	2002	12	1	6	26	36	6.00	46.76	41.68
4.29	2003	10	11	13	32	7	8.00	47.67	41.89
4.29	1983	7	23	17	0	42	10.00	47.42	41.07
4.29	1987	11	28	10	18	45	10.00	45.56	36.03
4.29	1988	6	8	15	51	48	10.00	44.88	35.46
4.29	1994	5	18	17	18	54	10.00	43.98	41.26
4.29	1999	10	10	5	59	13	10.00	46.55	40.83
4.29	2000	2	10	9	37	32	10.00	46.90	41.80
4.29	2001	9	25	17	36	31	10.00	46.32	41.70
4.29	2002	3	6	19	13	1	10.00	44.36	38.53
4.29	2002	8	10	20	10	37	10.00	48.87	41.35
4.29	2003	5	7	8	56	18	10.00	47.72	40.67
4.29	2002	5	21	10	48	34	12.00	51.55	36.29
4.29	1995	3	8	7	38	9	15.00	46.57	34.18
4.29	1997	5	31	13	42	18	15.00	47.30	34.46
4.29	2000	9	24	7	12	15	15.00	43.66	39.49
4.29	1999	12	8	23	27	27	19.00	46.43	34.34
4.29	1997	6	28	6	45	0	28.00	48.24	41.69
4.29	2000	4	25	6	12	54	28.00	46.26	41.86
4.29	2001	11	26	5	24	23	32.00	48.71	40.63
4.29	1974	3	24	7	36	34	33.00	47.09	41.04
4.29	1975	9	19	16	26	1	33.00	51.10	41.17
4.29	1978	9	16	18	21	34	33.00	47.58	38.58
4.29	1978	10	7	3	4	0	33.00	45.71	35.61
4.29	1982	11	21	1	43	39	33.00	48.13	40.32
4.29	1990	12	20	20	35	22	33.00	47.29	33.87
4.29	1991	10	17	19	16	27	33.00	53.13	36.41
4.29	1995	4	17	13	3	13	33.00	48.42	40.92
4.29	1995	9	4	12	10	20	33.00	51.24	39.82
4.29	2001	6	17	11	22	15	33.00	45.81	39.04
4.29	2002	7	25	21	40	23	33.00	44.38	35.63
4.29	2002	10	16	5	49	16	33.00	51.03	41.74
4.29	2000	10	2	17	41	42	35.00	45.69	35.25
4.29	1976	12	1	14	38	24	44.00	44.77	40.18
4.29	1973	10	30	15	59	30	48.00	50.71	36.95
4.29	2002	11	17	9	52	39	52.00	50.18	41.54
4.29	1970	11	28	20	21	18	53.00	42.70	38.00
4.29	1975	7	12	22	11	41	53.00	43.86	39.28
4.29	1974	6	22	6	11	44	57.00	46.65	41.80
4.29	1975	7	18	23	45	2	62.00	45.71	38.98
4.29	1999	3	9	9	42	4	67.00	44.93	39.13
4.29	1995	8	18	4	24	37	68.00	48.69	41.56
4.29	1975	5	9	12	48	1	73.00	44.81	38.86
4.29	1970	10	3	6	57	3	78.00	51.31	36.01
4.29	1998	12	19	7	12	34	89.00	51.93	40.26
4.29	1963	4	23	6	39	22	93.00	47.30	41.10
4.23	1996	1	29	19	3	52	10.00	45.32	41.45
4.23	1996	12	22	18	40	47	10.00	44.01	41.28
4.23	1972	3	10	10	57	36	33.00	44.69	41.61
4.19	2005	9	14	16	51	58	5.00	47.08	37.82
4.19	2007	5	11	14	50	10	5.00	49.29	36.85
4.19	2008	1	30	8	37	28	10.00	49.96	40.23
4.19	2014	5	23	2	4	43	10.00	48.70	38.81
4.19	2015	2	9	1	12	32	10.00	48.52	40.30
4.19	2011	3	25	9	52	16	11.10	47.38	39.32
4.19	2006	6	28	14	11	15	13.00	49.12	35.89
4.19	2014	2	27	6	5	14	30.10	48.70	38.66
4.19	2006	6	12	16	21	56	32.10	49.12	40.62
4.19	1992	4	26	13	15	51	33.00	47.15	37.84
4.19	1997	5	28	5	4	17	33.00	48.72	38.73
4.19	2000	1	28	3	29	17	33.00	49.05	37.73
4.19	1993	1	19	18	22	26	33.90	49.41	37.95
4.19	2014	3	15	2	20	57	39.46	49.11	39.23
4.19	2000	10	17	23	47	43	3.00	45.87	41.85
4.19	2001	9	12	14	52	2	7.00	42.74	37.91
4.19	2002	2	4	1	53	30	7.00	44.10	41.11
4.19	1999	4	24	2	41	19	9.00	45.92	41.91
4.19	2002	2	1	6	42	10	9.00	48.25	40.98
4.19	1991	4	27	3	31	59	10.00	43.68	40.01
4.19	1992	5	12	16	58	33	10.00	47.33	40.96
4.19	1999	4	26	21	0	12	10.00	47.83	41.40
4.19	1999	6	3	0	2	12	10.00	45.71	40.86
4.19	1999	7	6	20	52	7	10.00	49.40	41.55
4.19	1999	7	7	13	48	49	10.00	48.36	41.88
4.19	1999	7	7	17	43	12	10.00	48.22	41.10
4.19	1999	7	14	17	43	29	10.00	47.41	41.99
4.19	1999	8	6	0	3	7	10.00	49.46	41.87
4.19	1999	8	8	18	48	22	10.00	46.39	41.74
4.19	1999	9	6	21	53	24	10.00	45.28	41.72
4.19	2001	2	1	2	42	53	10.00	44.60	38.66
4.19	2001	7	6	9	56	43	10.00	46.12	41.67
4.19	2002	6	5	11	19	42	10.00	49.10	40.22
4.19	2002	11	10	23	24	42	10.00	44.73	35.38
4.19	2002	6	1	5	43	48	11.00	48.63	41.17
4.19	2002	2	2	16	24	58	12.00	48.10	41.43
4.19	2002	7	31	4	27	7	16.00	46.52	41.28
4.19	1996	5	18	20	10	21	17.00	47.64	34.31
4.19	2001	1	9	0	4	49	20.00	47.62	41.60
4.19	1974	2	18	18	23	38	24.00	43.35	37.53
4.19	2001	2	10	20	42	25	29.00	43.55	38.80
4.19	2004	3	10	0	49	58	29.00	50.89	40.11
4.19	1998	4	24	22	0	8	30.00	47.16	39.90
4.19	1974	3	30	0	35	5	33.00	44.29	41.48
4.19	1974	12	31	17	53	3	33.00	48.50	40.26
4.19	1979	1	1	4	25	39	33.00	50.18	37.64
4.19	1988	4	7	1	18	12	33.00	45.29	38.86
4.19	1988	7	22	16	49	33	33.00	45.46	38.92
4.19	1991	6	2	2	24	26	33.00	48.34	37.26
4.19	1991	12	8	1	2	6	33.00	48.12	38.32
4.19	1995	2	26	11	33	27	33.00	43.05	38.31
4.19	1995	10	5	3	57	11	33.00	46.80	35.21
4.19	1998	5	27	2	34	5	33.00	48.09	40.51
4.19	1998	12	23	17	1	18	33.00	46.16	41.95
4.19	1999	4	26	20	27	36	33.00	43.64	36.48
4.19	1999	5	24	10	4	25	33.00	44.39	40.95
4.19	2001	1	28	8	0	7	33.00	46.42	40.69
4.19	2001	7	13	18	31	32	33.00	44.34	41.37
4.19	2001	8	17	20	9	32	33.00	44.07	38.74
4.19	2002	12	4	6	18	32	33.00	51.97	41.49
4.19	2001	1	29	16	25	7	34.00	49.61	39.33
4.19	1966	5	27	17	16	42	36.00	52.00	40.40
4.19	2000	11	17	23	14	4	37.00	48.13	34.23
4.19	2002	1	27	0	13	19	39.00	46.10	41.23
4.19	1973	6	27	22	24	48	40.00	46.70	38.39
4.19	2001	7	13	12	22	6	44.00	48.97	40.72
4.19	1998	1	30	19	44	40	48.00	50.63	37.07
4.19	2002	1	5	3	8	16	48.00	50.40	41.02
4.19	1959	3	2	21	30	25	50.00	48.91	40.29
4.19	2002	12	1	23	56	1	51.00	49.96	40.91
4.19	1973	10	3	8	10	39	52.00	47.69	34.08
4.19	2000	4	24	15	45	20	55.00	50.13	41.09
4.19	1998	8	29	1	17	34	56.00	52.74	40.29
4.19	2000	4	15	12	39	32	70.00	50.25	40.71
4.19	1970	12	23	17	31	30	72.00	48.68	38.71
4.19	1985	4	20	20	48	33	110.00	46.36	35.78
4.09	2008	11	12	0	14	17	32.70	50.12	40.20
4.09	1987	4	12	16	55	21	33.00	48.67	38.14
4.09	1996	3	29	16	8	9	33.00	47.72	40.65
4.09	1998	5	11	5	7	28	33.00	48.87	40.27
4.09	2007	6	8	5	54	36	58.20	47.89	40.78
4.09	1981	3	28	19	59	25	3.00	44.92	39.66
4.09	2003	6	9	20	17	47	5.00	45.86	41.21
4.09	1989	5	2	17	42	56	10.00	44.30	35.58
4.09	1998	10	8	19	55	19	10.00	51.98	40.78
4.09	1999	2	1	6	49	42	10.00	50.71	40.50
4.09	1999	11	23	6	27	37	10.00	43.07	39.98
4.09	2000	4	10	21	36	55	10.00	50.37	41.39
4.09	2002	2	12	1	32	30	10.00	47.74	41.87
4.09	2002	8	25	15	17	26	10.00	47.45	41.89
4.09	2004	3	13	23	6	20	10.00	48.89	40.45
4.09	2004	3	13	23	6	57	10.00	48.52	41.22
4.09	2003	8	18	8	44	0	12.00	47.44	39.96
4.09	1998	9	25	13	59	33	15.00	44.07	39.62
4.09	2003	10	4	1	23	50	20.00	48.74	41.34
4.09	2004	1	25	13	18	7	20.00	46.72	41.37
4.09	2002	10	10	18	55	58	23.00	48.15	40.92
4.09	2002	6	20	7	7	33	27.00	48.55	41.75
4.09	1992	4	4	11	6	52	33.00	42.89	39.61
4.09	1996	1	6	0	56	55	33.00	50.28	40.97
4.09	1996	10	22	16	2	22	33.00	51.99	39.42
4.09	1999	3	17	1	50	57	33.00	47.09	40.43
4.09	2003	9	30	15	33	3	33.00	53.37	36.42
4.09	2001	6	1	4	28	38	35.00	49.96	40.99
4.09	1997	8	2	11	42	17	41.00	48.18	40.75
4.09	2000	9	7	7	32	33	44.00	45.08	38.47
4.09	1996	7	27	11	52	59	49.00	48.57	36.22
4.09	2004	1	29	11	29	33	49.00	48.58	40.92
4.09	2002	10	27	9	29	33	55.00	45.95	34.75
4.09	1998	11	7	6	37	32	57.00	44.65	37.08
4.09	2003	6	18	14	39	48	57.00	49.15	40.25
4.09	1997	2	13	0	47	38	65.00	48.80	38.69
4.09	1996	8	27	0	16	54	77.00	43.22	40.08
4.09	1996	12	14	0	26	35	78.00	48.41	40.72
4.09	1996	9	28	12	10	54	86.00	50.43	41.06
3.99	2004	11	7	17	18	33	10.00	49.47	38.66
3.99	2015	1	19	11	53	54	10.00	46.62	38.02
3.99	1974	12	31	17	53	3	33.00	47.99	39.97
3.99	1996	9	3	23	11	1	33.00	49.42	40.20
3.99	1997	6	22	0	46	34	33.00	49.27	39.55
3.99	2008	2	27	2	49	4	44.10	50.40	40.64
3.99	2002	3	23	17	17	7	6.00	45.77	41.96
3.99	2000	11	15	16	43	38	7.00	43.23	38.02
3.99	1998	9	29	15	8	11	10.00	43.75	38.57
3.99	1999	12	25	3	53	1	10.00	48.28	40.87
3.99	2002	3	14	8	30	42	10.00	44.61	39.34
3.99	2003	6	2	1	21	53	11.00	46.18	41.87
3.99	2003	12	25	9	17	27	15.00	47.62	41.86
3.99	2003	12	25	20	12	47	15.00	50.36	41.44
3.99	2003	9	2	11	20	53	16.00	46.03	41.98
3.99	2004	1	13	12	0	34	23.00	48.07	41.23
3.99	1996	1	14	20	5	24	33.00	51.14	36.58
3.99	1996	8	9	16	50	8	33.00	46.96	36.06
3.99	1997	6	23	15	6	3	33.00	52.53	35.60
3.99	1998	1	2	0	9	4	33.00	52.35	36.90
3.99	1998	7	31	16	40	42	33.00	42.84	38.57
3.99	1998	8	14	23	58	5	33.00	49.57	41.23
3.99	1998	9	8	7	36	17	33.00	44.57	37.05
3.99	1999	1	3	8	20	40	33.00	45.70	34.39
3.99	1999	6	22	12	14	2	33.00	43.59	37.09
3.99	1999	8	28	20	5	45	33.00	46.07	34.50
3.99	2000	7	2	11	42	44	33.00	50.02	40.94
3.99	2000	12	25	10	13	54	33.00	51.58	40.36
3.99	2004	1	1	9	43	21	33.00	50.71	40.62
3.99	2004	6	4	15	15	37	33.00	52.16	40.17
3.99	1996	12	9	6	56	8	34.00	50.68	40.94
3.99	1996	12	20	17	2	28	36.00	44.61	41.61
3.99	1999	5	25	9	46	45	49.00	50.26	40.51
3.99	1998	10	11	7	22	25	56.00	42.72	38.95
3.99	2004	3	20	2	51	27	56.00	48.34	40.45
3.99	1999	1	13	1	10	11	57.00	43.97	36.14
3.99	1975	11	19	23	21	22	59.00	45.84	38.54
3.99	2001	5	28	8	57	1	59.00	46.06	35.75
3.99	2002	4	27	18	46	19	61.00	49.25	41.92
3.99	1996	6	21	3	2	42	67.00	51.72	40.12
3.99	2000	6	9	16	10	59	75.00	49.63	41.87
3.99	2003	5	2	8	9	59	76.00	49.25	37.56
3.99	1997	10	9	18	28	59	77.00	48.31	41.25
3.99	2000	10	24	20	47	47	84.00	52.06	40.53
3.99	1975	3	3	16	5	9	90.00	46.25	35.51
3.89	1984	8	11	16	33	42	10.00	46.70	38.44
3.89	2008	9	14	23	32	33	28.70	50.27	39.32
3.89	1975	8	11	0	12	18	33.00	49.19	38.87
3.89	2005	10	21	13	17	26	44.80	48.38	40.09
3.89	1973	10	30	15	59	30	45.00	50.70	36.94
3.89	2005	8	12	19	22	58	50.00	47.45	40.52
3.89	2008	12	28	3	57	0	63.60	49.33	40.09
3.89	2000	5	7	2	39	26	10.00	50.75	40.93
3.89	2004	1	7	6	1	27	10.00	45.73	41.90
3.89	2004	4	17	5	19	23	10.00	49.64	38.63
3.89	2001	11	23	19	30	48	15.00	49.86	34.11
3.89	2002	2	22	2	3	22	15.00	49.92	41.04
3.89	2004	1	25	21	48	5	18.00	48.54	41.69
3.89	1991	6	12	5	15	25	33.00	51.07	41.44
3.89	1996	5	19	4	24	21	33.00	45.21	41.75
3.89	1996	8	8	2	9	38	33.00	49.71	37.04
3.89	1997	5	10	17	57	24	33.00	46.39	39.92
3.89	1998	5	17	18	33	14	33.00	43.92	36.49
3.89	2002	3	8	14	29	18	33.00	44.66	36.45
3.89	2003	11	8	10	23	16	33.00	51.95	40.41
3.89	2004	1	4	13	10	34	33.00	50.86	41.39
3.89	2004	4	29	1	31	59	33.00	48.98	38.37
3.89	1996	4	3	0	49	16	34.00	50.11	41.34
3.89	1991	12	24	7	8	28	38.00	53.10	36.04
3.89	2004	6	13	17	20	8	40.00	47.33	41.31
3.89	2000	12	29	2	14	3	41.00	46.52	41.78
3.89	2004	4	14	5	27	2	41.00	52.50	39.82
3.89	1999	7	16	12	22	5	46.00	45.27	37.09
3.89	1999	1	10	8	9	41	47.00	51.86	40.74
3.89	2003	3	10	1	15	34	47.00	46.62	41.31
3.89	2000	2	19	23	36	27	52.00	52.03	41.70
3.89	1999	4	25	12	31	44	56.00	43.31	36.72
3.89	2000	11	25	0	26	1	62.00	48.19	39.18
3.89	1975	8	8	2	12	5	77.00	47.32	35.10
3.89	2002	4	16	3	49	9	77.00	52.76	40.33
3.87	2004	8	21	13	53	15	46.00	49.43	35.49
3.79	2007	11	6	21	30	8	19.70	48.98	40.18
3.79	1993	1	16	17	54	11	33.00	50.58	37.07
3.79	1996	5	1	3	31	23	33.00	49.14	40.27
3.79	2008	7	14	3	4	42	60.90	48.08	40.56
3.79	1995	12	29	1	48	14	70.80	48.54	39.56
3.79	2001	6	24	7	5	18	4.00	52.18	35.84
3.79	2004	1	16	11	21	29	6.00	44.15	41.11
3.79	1996	8	20	17	53	38	8.00	53.11	36.39
3.79	1996	4	10	4	10	31	10.00	43.17	37.77
3.79	1997	3	6	23	28	37	10.00	43.66	39.11
3.79	1997	4	26	5	42	15	10.00	45.59	38.88
3.79	2000	5	19	5	31	19	10.00	48.42	38.54
3.79	2002	1	7	17	53	18	10.00	43.79	40.78
3.79	2002	4	28	8	32	21	10.00	46.35	40.85
3.79	2001	12	24	20	41	10	13.00	48.35	39.86
3.79	2002	3	29	14	3	19	16.00	46.03	41.28
3.79	2003	2	13	17	14	51	19.00	48.56	33.96
3.79	1997	5	14	1	21	56	24.00	45.17	38.30
3.79	2004	5	6	0	43	43	26.00	47.14	34.47
3.79	2003	12	2	19	4	18	28.00	52.66	36.00
3.79	1989	4	4	10	39	8	33.00	45.30	38.80
3.79	1989	6	4	10	39	8	33.00	45.30	38.75
3.79	1990	4	1	8	26	52	33.00	45.49	35.08
3.79	1998	4	18	23	42	14	33.00	48.88	35.51
3.79	1998	7	7	11	6	38	33.00	52.08	36.22
3.79	1998	7	18	2	51	46	33.00	45.56	35.68
3.79	1998	8	30	15	12	55	33.00	52.13	36.10
3.79	2000	6	23	15	44	27	33.00	51.03	40.31
3.79	2001	4	10	1	31	59	33.00	49.33	39.79
3.79	2002	5	23	9	28	21	33.00	46.57	34.09
3.79	2004	4	10	21	35	49	33.00	51.40	41.73
3.79	1996	4	19	2	3	41	46.00	46.34	35.28
3.79	1996	8	6	16	56	41	52.00	48.38	41.37
3.79	1999	1	21	8	21	39	62.00	48.84	41.18
3.79	1993	8	27	0	33	54	78.00	51.74	40.95
3.75	2010	4	28	20	4	18	14.20	49.06	35.89
3.69	2006	10	18	1	56	50	35.00	47.06	40.61
3.69	2006	11	17	2	32	48	41.10	48.49	40.73
3.69	2008	4	11	22	33	60	42.40	48.69	40.78
3.69	1996	12	12	4	58	35	10.00	43.32	38.00
3.69	2003	9	19	17	11	32	15.00	51.62	35.61
3.69	2003	10	13	20	28	20	18.00	52.25	35.12
3.69	1997	4	30	3	46	27	20.00	51.93	39.96
3.69	2003	9	30	3	44	36	28.00	52.57	35.97
3.69	1996	5	9	7	44	48	33.00	48.88	40.98
3.69	1996	6	28	21	29	49	33.00	53.30	40.30
3.69	2003	6	24	7	16	51	33.00	49.70	41.16
3.69	1996	5	12	8	39	31	50.00	45.65	36.20
3.69	2003	2	21	23	0	31	62.00	46.56	34.48
3.69	1998	10	25	22	21	53	63.00	44.21	40.87
3.69	1997	4	1	7	33	32	74.00	48.91	37.87
3.63	2006	2	22	23	19	25	15.00	50.41	36.11
3.63	2001	8	20	20	57	14	12.00	48.98	36.33
3.59	2000	10	28	20	0	16	33.00	46.31	40.11
3.59	2002	12	17	9	8	51	10.00	45.60	36.88
3.59	1996	6	9	20	25	53	33.00	48.45	39.97
3.59	1998	3	18	21	11	37	33.00	48.52	41.09
3.59	2001	11	2	0	2	49	33.00	48.74	39.81
3.59	2004	1	14	18	35	6	33.00	51.47	41.04
3.59	2004	6	21	0	12	50	33.00	50.83	40.35
3.59	2001	4	20	21	47	52	44.00	44.34	39.25
3.59	2001	3	11	10	57	5	66.00	46.33	41.74
3.59	2000	10	28	20	0	19	87.00	46.50	39.90
3.59	2000	4	12	23	38	27	88.00	46.92	39.94
3.52	2003	3	9	22	50	12	9.00	51.68	35.69
3.49	2002	2	7	16	13	37	10.00	44.50	35.05
3.49	2003	8	31	16	37	1	10.00	45.97	41.46
3.49	2003	9	4	7	56	1	15.00	51.42	35.22
3.49	2003	9	19	17	53	15	15.00	51.85	35.93
3.49	1996	1	12	4	38	40	33.00	46.64	40.54
3.49	1997	2	16	10	57	30	33.00	46.05	41.99
3.49	2003	3	15	12	16	21	89.00	52.79	40.76
3.39	1993	4	24	12	29	19	3.00	44.09	41.36
3.39	2002	1	23	7	9	19	15.00	50.47	36.61
3.39	1992	2	25	22	1	56	33.00	45.27	39.22
3.39	2002	1	12	5	18	22	33.00	50.56	35.61
3.30	2004	4	11	5	2	47	5.00	43.76	38.96
3.30	2001	2	16	1	43	0	11.00	52.11	35.33
3.30	2004	7	13	10	19	59	14.00	47.83	37.77
3.20	2000	10	5	8	16	0	9.00	46.66	34.87
3.20	2001	7	24	20	45	39	13.00	51.02	34.47
3.20	2001	5	4	13	15	40	15.00	49.33	36.02
3.20	2001	10	7	4	36	37	15.00	47.88	34.41
3.20	2002	3	26	21	5	6	15.00	52.92	36.31
3.20	2000	9	3	6	13	17	17.00	48.03	34.27
3.20	2001	1	21	16	52	51	33.00	46.51	34.65
3.20	2001	4	26	20	10	28	33.00	48.20	34.33
3.10	2000	8	8	9	17	3	8.00	52.00	36.30
3.10	2001	9	12	4	38	39	23.00	50.69	34.21
3.00	2000	7	21	18	27	26	4.00	46.62	34.98
3.00	2004	3	31	8	43	27	14.00	43.70	37.48
3.00	2004	7	3	6	57	41	14.00	48.55	38.56
3.00	2004	8	23	3	50	34	14.00	44.81	36.63
3.00	2002	7	2	19	37	5	15.00	52.67	36.68
3.00	2002	8	18	4	34	48	15.00	52.78	35.58
3.00	2002	12	9	3	40	31	15.00	50.93	34.92
3.00	2003	1	17	12	34	4	15.00	49.90	37.45
3.00	2004	6	27	20	17	57	15.00	52.66	35.91
2.91	2004	6	7	17	58	25	4.00	49.90	34.25
2.91	2002	3	25	9	58	57	15.00	51.87	35.02
2.91	2000	10	21	13	6	2	39.00	47.61	34.49
2.89	2000	5	10	22	33	11	33.00	49.61	34.66
2.82	2004	6	20	4	49	37	15.00	46.25	36.32
2.82	2001	6	20	20	42	0	22.00	47.84	38.03
2.82	2004	1	8	15	34	19	33.00	48.01	34.21
2.79	2004	6	6	20	29	37	5.00	42.79	37.67
2.73	2004	6	8	4	43	57	5.00	43.51	40.22
2.73	2003	10	4	16	3	4	6.00	45.58	34.55
2.73	2001	2	12	7	4	29	12.00	52.53	36.30
2.73	2001	2	16	10	45	28	15.00	52.12	35.95
2.73	2001	8	12	20	4	57	15.00	50.88	34.37
2.73	2002	11	25	0	48	20	15.00	48.80	36.43
2.73	2004	6	1	3	1	29	15.00	52.99	35.95
2.73	2004	3	15	20	5	9	17.00	46.13	34.81
2.64	2001	2	16	14	29	35	1.00	50.04	38.42
2.64	2002	11	18	17	56	33	15.00	49.09	36.59
2.64	2002	12	1	1	44	46	15.00	50.56	37.53
2.56	2001	2	25	22	5	7	8.00	47.46	34.10
2.56	2002	11	22	4	6	13	15.00	49.16	34.90
2.56	2003	3	9	8	57	29	15.00	51.34	35.63
2.48	2001	4	28	7	44	27	10.00	50.34	34.16
2.48	2004	8	27	21	43	5	14.00	48.92	35.68
2.40	2001	2	28	2	44	32	6.00	49.26	36.63
2.40	2001	6	20	0	0	6	6.00	49.91	34.33
2.40	2001	2	16	15	30	24	8.00	53.19	36.03
2.40	2001	4	17	23	48	26	13.00	50.27	35.78
2.40	2002	3	21	10	14	33	15.00	51.40	34.90
2.40	2004	6	3	13	5	40	15.00	53.23	36.94
2.40	2004	6	19	2	19	21	15.00	52.09	35.70
2.40	2001	2	5	19	2	21	18.00	48.60	38.61
2.40	2002	10	27	9	57	47	22.00	46.54	34.80
2.33	2000	4	10	3	14	15	10.00	50.46	34.77
2.33	2001	2	26	17	7	2	18.00	49.41	36.76
2.25	2004	6	24	17	14	48	15.00	44.33	38.39
2.25	2001	6	21	22	37	36	22.00	52.17	35.97
2.18	2001	2	8	2	40	40	8.00	52.12	35.93
2.18	2001	2	10	2	19	44	12.00	50.97	35.84
2.18	2004	6	6	17	27	27	15.00	47.76	38.41
2.18	2001	2	11	22	45	47	16.00	52.10	35.94
